input_value,relevance
0.0,-1.0190353
0.0010001,-1.0176792
0.0020002,-1.0161394
0.0030003001,-1.0152498
0.0040004,-1.0137265
0.0050005,-1.0122495
0.0060006003,-1.0110983
0.0070007006,-1.0098534
0.0080008,-1.0084208
0.0090009,-1.0072836
0.010001,-1.0057921
0.011001101,-1.0045059
0.012001201,-1.0033455
0.0130013,-1.0018865
0.014001401,-1.0004767
0.015001501,-0.9994502
0.0160016,-0.9981412
0.017001702,-0.9966655
0.0180018,-0.9954446
0.019001901,-0.9942679
0.020002,-0.9927289
0.0210021,-0.9916777
0.022002202,-0.9901871
0.0230023,-0.98892146
0.024002401,-0.9878967
0.025002502,-0.9864138
0.0260026,-0.9849859
0.027002702,-0.9838912
0.028002802,-0.9825628
0.029002901,-0.9812836
0.030003002,-0.9800549
0.0310031,-0.97862214
0.0320032,-0.97741586
0.0330033,-0.9761939
0.034003403,-0.9748818
0.035003502,-0.9734731
0.0360036,-0.9725089
0.037003703,-0.9710926
0.038003802,-0.9696242
0.0390039,-0.96872264
0.040004,-0.9673256
0.041004103,-0.96596605
0.0420042,-0.96476966
0.0430043,-0.9634966
0.044004403,-0.9619975
0.045004502,-0.96086496
0.0460046,-0.9597008
0.047004703,-0.9583212
0.048004802,-0.95720553
0.0490049,-0.95596755
0.050005004,-0.9546185
0.051005103,-0.9535517
0.0520052,-0.95215654
0.053005304,-0.9507136
0.054005403,-0.94940436
0.055005502,-0.9484622
0.056005605,-0.94702375
0.057005703,-0.945653
0.058005802,-0.9446849
0.0590059,-0.94317746
0.060006004,-0.94223666
0.061006103,-0.9409676
0.0620062,-0.93950146
0.063006304,-0.9385279
0.0640064,-0.9371772
0.0650065,-0.93586516
0.0660066,-0.93468016
0.0670067,-0.9334256
0.068006806,-0.93211836
0.069006905,-0.9307838
0.070007004,-0.9297389
0.0710071,-0.92843044
0.0720072,-0.92710006
0.0730073,-0.925974
0.07400741,-0.924663
0.075007506,-0.9233522
0.076007605,-0.9223193
0.0770077,-0.92104673
0.0780078,-0.91970444
0.0790079,-0.91863865
0.080008,-0.91728836
0.08100811,-0.91610396
0.082008205,-0.9147646
0.083008304,-0.91363305
0.0840084,-0.91236806
0.0850085,-0.91111785
0.0860086,-0.9100097
0.08700871,-0.90875
0.088008806,-0.90740204
0.089008905,-0.90611905
0.090009004,-0.90488017
0.0910091,-0.90364903
0.0920092,-0.9024762
0.09300931,-0.901146
0.09400941,-0.9000624
0.095009506,-0.89878356
0.096009605,-0.89748573
0.0970097,-0.8964633
0.0980098,-0.8951368
0.0990099,-0.8940056
0.10001001,-0.89270043
0.10101011,-0.89144737
0.102010205,-0.89036363
0.103010304,-0.88906884
0.1040104,-0.88780296
0.1050105,-0.8866438
0.10601061,-0.8852438
0.10701071,-0.8841727
0.108010806,-0.88289845
0.109010905,-0.88180214
0.110011004,-0.8805113
0.1110111,-0.87924093
0.11201121,-0.87805355
0.11301131,-0.8768588
0.11401141,-0.87556165
0.115011506,-0.87440795
0.116011605,-0.87310606
0.1170117,-0.87191564
0.1180118,-0.87070364
0.11901191,-0.86949176
0.12001201,-0.8682122
0.12101211,-0.866863
0.122012205,-0.8658457
0.123012304,-0.86471367
0.1240124,-0.8634826
0.1250125,-0.86233574
0.12601261,-0.86119545
0.1270127,-0.86001235
0.1280128,-0.8586962
0.12901291,-0.8575165
0.130013,-0.85625476
0.13101311,-0.85509384
0.1320132,-0.8538864
0.13301331,-0.8524966
0.1340134,-0.8512853
0.1350135,-0.85002905
0.13601361,-0.8489247
0.1370137,-0.84778464
0.13801381,-0.846507
0.1390139,-0.84531367
0.14001401,-0.8440861
0.14101411,-0.8429837
0.1420142,-0.8417405
0.14301431,-0.8404958
0.1440144,-0.8393132
0.14501451,-0.8381916
0.1460146,-0.83701724
0.1470147,-0.8357716
0.14801481,-0.8343581
0.1490149,-0.8332094
0.15001501,-0.8320409
0.1510151,-0.830813
0.15201521,-0.8295594
0.1530153,-0.8283544
0.1540154,-0.8272789
0.15501551,-0.8261413
0.1560156,-0.8250105
0.15701571,-0.82372224
0.1580158,-0.82269734
0.15901591,-0.8213736
0.160016,-0.8202342
0.1610161,-0.81898516
0.16201621,-0.8177666
0.1630163,-0.81679
0.16401641,-0.81542146
0.1650165,-0.8142893
0.16601661,-0.81313664
0.16701671,-0.8118904
0.1680168,-0.8107204
0.16901691,-0.8095133
0.170017,-0.8083014
0.17101711,-0.80721396
0.1720172,-0.8059994
0.17301731,-0.8048575
0.17401741,-0.8034102
0.1750175,-0.8022304
0.17601761,-0.8010497
0.1770177,-0.7998435
0.17801781,-0.79866374
0.1790179,-0.797418
0.18001801,-0.7963743
0.18101811,-0.795194
0.1820182,-0.79394764
0.18301831,-0.7928122
0.1840184,-0.7916464
0.18501851,-0.79038304
0.18601862,-0.78923535
0.1870187,-0.7881202
0.18801881,-0.78693146
0.1890189,-0.78584313
0.19001901,-0.7845161
0.1910191,-0.7833109
0.19201921,-0.78218603
0.19301932,-0.7809686
0.1940194,-0.77990866
0.19501951,-0.7785868
0.1960196,-0.7774464
0.19701971,-0.7763031
0.1980198,-0.77508706
0.19901991,-0.77396375
0.20002002,-0.77274644
0.2010201,-0.77152765
0.20202021,-0.7704873
0.2030203,-0.7693315
0.20402041,-0.7682504
0.20502052,-0.7670274
0.20602061,-0.7657901
0.20702071,-0.76473945
0.2080208,-0.76371324
0.20902091,-0.7627056
0.210021,-0.76151896
0.21102111,-0.76037383
0.21202122,-0.7592585
0.21302131,-0.75812966
0.21402141,-0.7571678
0.2150215,-0.7562505
0.21602161,-0.7549524
0.2170217,-0.7538154
0.21802181,-0.7529442
0.21902192,-0.75195146
0.22002201,-0.7508871
0.22102211,-0.74983895
0.2220222,-0.74886113
0.22302231,-0.74774706
0.22402242,-0.7468002
0.22502251,-0.745753
0.22602262,-0.7446187
0.22702271,-0.7438191
0.22802281,-0.74274564
0.2290229,-0.7418026
0.23002301,-0.74082774
0.23102312,-0.7398536
0.23202321,-0.7388281
0.23302332,-0.7379928
0.2340234,-0.73696417
0.23502351,-0.736014
0.2360236,-0.7350342
0.23702371,-0.7340937
0.23802382,-0.73321074
0.23902391,-0.7323994
0.24002402,-0.73147136
0.2410241,-0.7305114
0.24202421,-0.72953695
0.2430243,-0.7286906
0.24402441,-0.7279796
0.24502452,-0.7270831
0.24602461,-0.7263511
0.24702471,-0.7254214
0.2480248,-0.7245326
0.24902491,-0.72375256
0.250025,-0.72303665
0.2510251,-0.722106
0.25202522,-0.7212637
0.25302532,-0.72046715
0.2540254,-0.7196312
0.2550255,-0.7186797
0.2560256,-0.7180427
0.25702572,-0.7171954
0.25802583,-0.7164157
0.2590259,-0.715574
0.260026,-0.71485424
0.2610261,-0.7143073
0.26202622,-0.71339476
0.26302633,-0.7128003
0.2640264,-0.71199113
0.2650265,-0.7111351
0.26602662,-0.7104771
0.26702672,-0.70962316
0.2680268,-0.7089167
0.2690269,-0.7082844
0.270027,-0.7076021
0.27102712,-0.7069195
0.27202722,-0.7062114
0.2730273,-0.7053769
0.2740274,-0.7048795
0.2750275,-0.7039992
0.27602762,-0.7033599
0.27702773,-0.7027204
0.2780278,-0.70208794
0.2790279,-0.7015855
0.28002802,-0.7009877
0.28102812,-0.7002174
0.28202823,-0.6995136
0.2830283,-0.6989072
0.2840284,-0.6982173
0.28502852,-0.69773096
0.28602862,-0.6970541
0.2870287,-0.69647
0.2880288,-0.695919
0.2890289,-0.69535744
0.29002902,-0.6949105
0.29102913,-0.69422615
0.2920292,-0.6934716
0.2930293,-0.6929602
0.2940294,-0.69233584
0.29502952,-0.69190836
0.29602963,-0.69137764
0.2970297,-0.69066197
0.2980298,-0.6902195
0.29902992,-0.6899598
0.30003002,-0.68932927
0.30103013,-0.688654
0.3020302,-0.68831843
0.3030303,-0.68752456
0.30403042,-0.68723315
0.30503052,-0.6866497
0.3060306,-0.6860109
0.3070307,-0.6854658
0.3080308,-0.68521416
0.30903092,-0.684718
0.31003103,-0.68437517
0.3110311,-0.6838221
0.3120312,-0.68317825
0.31303132,-0.6828124
0.31403142,-0.6824908
0.31503153,-0.6821293
0.3160316,-0.681598
0.3170317,-0.6810643
0.31803182,-0.68057764
0.31903192,-0.6802141
0.320032,-0.679976
0.3210321,-0.67939764
0.3220322,-0.67904085
0.32303232,-0.67865103
0.32403243,-0.6784141
0.3250325,-0.6779206
0.3260326,-0.67754793
0.32703272,-0.6770987
0.32803282,-0.6766466
0.32903293,-0.6762754
0.330033,-0.67614216
0.3310331,-0.67566514
0.33203322,-0.675456
0.33303332,-0.67509025
0.33403343,-0.67456025
0.3350335,-0.67435265
0.3360336,-0.6739958
0.33703372,-0.6735163
0.33803383,-0.6733141
0.3390339,-0.6731059
0.340034,-0.6729525
0.3410341,-0.6726307
0.34203422,-0.6722591
0.34303433,-0.67186123
0.3440344,-0.6715182
0.3450345,-0.67137927
0.34603462,-0.671375
0.34703472,-0.6710471
0.34803483,-0.67066365
0.3490349,-0.67028505
0.350035,-0.67012924
0.35103512,-0.6700379
0.35203522,-0.6695793
0.35303533,-0.6693504
0.3540354,-0.66912353
0.3550355,-0.6689122
0.35603562,-0.66856265
0.35703573,-0.6683232
0.3580358,-0.6683328
0.3590359,-0.6680288
0.36003602,-0.6679947
0.36103612,-0.6677737
0.36203623,-0.6676442
0.3630363,-0.6674091
0.3640364,-0.66717345
0.36503652,-0.6670219
0.36603662,-0.6667686
0.36703673,-0.66657704
0.3680368,-0.66638535
0.3690369,-0.66628027
0.37003702,-0.6661963
0.37103713,-0.66595894
0.37203723,-0.6657278
0.3730373,-0.6657863
0.3740374,-0.6657259
0.37503752,-0.66556674
0.37603763,-0.66517323
0.3770377,-0.66520315
0.3780378,-0.66488904
0.37903792,-0.6649302
0.38003802,-0.6646795
0.38103813,-0.6650831
0.3820382,-0.6647896
0.3830383,-0.66474324
0.38403842,-0.6649137
0.38503852,-0.66463536
0.38603863,-0.6643577
0.3870387,-0.66444033
0.3880388,-0.6643979
0.38903892,-0.6643149
0.39003903,-0.6641554
0.39103913,-0.6643932
0.3920392,-0.66412544
0.39303932,-0.66400325
0.39403942,-0.6641114
0.39503953,-0.664136
0.3960396,-0.6640718
0.3970397,-0.6639026
0.39803982,-0.6641645
0.39903992,-0.6641132
0.40004003,-0.66405016
0.4010401,-0.66402024
0.4020402,-0.66388893
0.40304032,-0.66412467
0.40404043,-0.66396314
0.40504053,-0.6641678
0.4060406,-0.66398054
0.40704072,-0.66403157
0.40804082,-0.66424555
0.40904093,-0.6641666
0.41004103,-0.664214
0.4110411,-0.66424304
0.41204122,-0.6644304
0.41304132,-0.66430146
0.41404143,-0.6643999
0.4150415,-0.66477126
0.4160416,-0.66448885
0.41704172,-0.6645916
0.41804183,-0.6648244
0.41904193,-0.6647946
0.420042,-0.6648349
0.4210421,-0.66514647
0.42204222,-0.66506517
0.42304233,-0.6650963
0.42404243,-0.6655567
0.4250425,-0.6655704
0.42604262,-0.66548824
0.42704272,-0.66579694
0.42804283,-0.66571015
0.42904294,-0.6660049
0.430043,-0.6663167
0.43104312,-0.6662565
0.43204322,-0.6664014
0.43304333,-0.6668511
0.4340434,-0.6668283
0.4350435,-0.6669541
0.43604362,-0.66705114
0.43704373,-0.6671308
0.43804383,-0.6670929
0.4390439,-0.6674927
0.44004402,-0.66761756
0.44104412,-0.6679897
0.44204423,-0.6682907
0.44304433,-0.6682372
0.4440444,-0.66855633
0.44504452,-0.66865647
0.44604462,-0.66896623
0.44704473,-0.66911584
0.44804484,-0.66933525
0.4490449,-0.6696019
0.45004502,-0.66979975
0.45104513,-0.66997117
0.45204523,-0.6702253
0.4530453,-0.6705536
0.45404541,-0.6707034
0.45504552,-0.6709818
0.45604563,-0.6710662
0.45704573,-0.6712814
0.4580458,-0.6715853
0.45904592,-0.67214304
0.46004602,-0.6722094
0.46104613,-0.6726311
0.46204624,-0.67269343
0.4630463,-0.6730825
0.46404642,-0.673314
0.46504653,-0.673513
0.46604663,-0.67397887
0.4670467,-0.6741757
0.4680468,-0.6743565
0.46904692,-0.67455906
0.47004703,-0.6750882
0.47104713,-0.6752634
0.4720472,-0.675685
0.47304732,-0.6758861
0.47404742,-0.67604035
0.47504753,-0.6767785
0.47604764,-0.67699414
0.4770477,-0.6770485
0.47804782,-0.67781085
0.47904792,-0.6778726
0.48004803,-0.67789006
0.48104814,-0.6785377
0.4820482,-0.67892534
0.48304832,-0.67913705
0.48404843,-0.67985827
0.48504853,-0.6801209
0.4860486,-0.6807578
0.48704872,-0.680906
0.48804882,-0.68117976
0.48904893,-0.6815493
0.49004903,-0.6821253
0.4910491,-0.68272585
0.49204922,-0.6831052
0.49304932,-0.6838413
0.49404943,-0.68445534
0.49504954,-0.6848816
0.4960496,-0.6853999
0.49704972,-0.68624336
0.49804983,-0.68658274
0.49904993,-0.68715495
0.50005,-0.6876705
0.5010501,-0.68855584
0.5020502,-0.68906075
0.5030503,-0.68949884
0.50405043,-0.69014436
0.50505054,-0.69118845
0.50605065,-0.6919126
0.50705075,-0.69213897
0.5080508,-0.6931416
0.5090509,-0.6941826
0.510051,-0.6949652
0.5110511,-0.6959447
0.5120512,-0.6965748
0.51305133,-0.69741684
0.51405144,-0.69839126
0.51505154,-0.6989575
0.51605165,-0.70001656
0.5170517,-0.70080674
0.5180518,-0.7015598
0.5190519,-0.702521
0.520052,-0.7032734
0.5210521,-0.70404345
0.5220522,-0.70515823
0.52305233,-0.7060828
0.52405244,-0.7072952
0.52505255,-0.70819324
0.52605265,-0.709122
0.5270527,-0.7102416
0.5280528,-0.7105676
0.5290529,-0.71238774
0.530053,-0.7131856
0.5310531,-0.71440357
0.53205323,-0.71537834
0.53305334,-0.71665233
0.53405344,-0.7176798
0.53505355,-0.718836
0.5360536,-0.72000474
0.5370537,-0.7210152
0.5380538,-0.7222398
0.5390539,-0.72352976
0.540054,-0.724294
0.5410541,-0.7251669
0.54205424,-0.72629005
0.54305434,-0.727346
0.54405445,-0.7287808
0.54505455,-0.7298513
0.5460546,-0.7313323
0.5470547,-0.73228055
0.5480548,-0.73355174
0.5490549,-0.73484695
0.550055,-0.7366699
0.55105513,-0.7379729
0.55205524,-0.73935884
0.55305535,-0.7404663
0.55405545,-0.74165636
0.5550555,-0.74312574
0.5560556,-0.7445098
0.5570557,-0.74562114
0.5580558,-0.7472599
0.5590559,-0.7482758
0.56005603,-0.74961275
0.56105614,-0.75152606
0.56205624,-0.7529539
0.56305635,-0.7544224
0.56405646,-0.7557379
0.5650565,-0.7572718
0.5660566,-0.75840884
0.5670567,-0.75991666
0.5680568,-0.76112217
0.5690569,-0.7625528
0.57005703,-0.76389974
0.57105714,-0.766183
0.57205725,-0.7675236
0.57305735,-0.769228
0.5740574,-0.77040535
0.5750575,-0.7723995
0.5760576,-0.7739559
0.5770577,-0.77544683
0.5780578,-0.7770416
0.57905793,-0.7783884
0.58005804,-0.77976155
0.58105814,-0.78123
0.58205825,-0.7826915
0.58305836,-0.7844451
0.5840584,-0.78665423
0.5850585,-0.7879999
0.5860586,-0.7896908
0.5870587,-0.79099125
0.5880588,-0.79264003
0.58905894,-0.7941059
0.59005904,-0.79590076
0.59105915,-0.7979283
0.59205925,-0.80034536
0.5930593,-0.8018318
0.5940594,-0.80313784
0.5950595,-0.8048709
0.5960596,-0.8072477
0.5970597,-0.80838245
0.59805983,-0.810454
0.59905994,-0.81175965
0.60006005,-0.81339926
0.60106015,-0.81594384
0.60206026,-0.81725776
0.6030603,-0.81946814
0.6040604,-0.82069105
0.6050605,-0.82205254
0.6060606,-0.82455534
0.60706073,-0.8261712
0.60806084,-0.827599
0.60906094,-0.8296209
0.61006105,-0.8318373
0.61106116,-0.83340186
0.6120612,-0.83581954
0.6130613,-0.8377914
0.6140614,-0.8401339
0.6150615,-0.84149104
0.6160616,-0.8433529
0.61706173,-0.8448592
0.61806184,-0.8475439
0.61906195,-0.8489303
0.62006205,-0.8509057
0.62106216,-0.85272163
0.6220622,-0.85462743
0.6230623,-0.85698825
0.6240624,-0.8583798
0.6250625,-0.86077887
0.62606263,-0.8625773
0.62706274,-0.8642259
0.62806284,-0.8663765
0.62906295,-0.8684178
0.63006306,-0.8702518
0.6310631,-0.87205464
0.6320632,-0.87437683
0.6330633,-0.8771792
0.6340634,-0.87952083
0.6350635,-0.8809871
0.63606364,-0.8831238
0.63706374,-0.88529575
0.63806385,-0.8872611
0.63906395,-0.8892296
0.640064,-0.8913811
0.6410641,-0.89350814
0.6420642,-0.8952907
0.6430643,-0.89779764
0.6440644,-0.8995587
0.64506453,-0.90128386
0.64606464,-0.9036131
0.64706475,-0.90582603
0.64806485,-0.9072717
0.64906496,-0.90993035
0.650065,-0.91203433
0.6510651,-0.9142382
0.6520652,-0.91619325
0.6530653,-0.918087
0.65406543,-0.92151153
0.65506554,-0.92326546
0.65606564,-0.92603546
0.65706575,-0.92746043
0.65806586,-0.93056554
0.6590659,-0.93203294
0.660066,-0.934152
0.6610661,-0.93664247
0.6620662,-0.9383579
0.6630663,-0.9412333
0.66406643,-0.94301826
0.66506654,-0.9450082
0.66606665,-0.9475226
0.66706675,-0.94947946
0.66806686,-0.95161605
0.6690669,-0.9539426
0.670067,-0.9565852
0.6710671,-0.9584835
0.6720672,-0.960991
0.67306733,-0.96270955
0.67406744,-0.96494085
0.67506754,-0.96842176
0.67606765,-0.9713406
0.67706776,-0.97299796
0.6780678,-0.97577363
0.6790679,-0.9772516
0.680068,-0.9795658
0.6810681,-0.9822186
0.6820682,-0.9839257
0.68306834,-0.9873125
0.68406844,-0.988836
0.68506855,-0.9915213
0.68606865,-0.99347824
0.68706876,-0.9962
0.6880688,-0.9981062
0.6890689,-1.000712
0.690069,-1.0024388
0.6910691,-1.0052928
0.69206923,-1.0074627
0.69306934,-1.0098871
0.69406945,-1.0127965
0.69506955,-1.0153663
0.69606966,-1.018495
0.6970697,-1.020278
0.6980698,-1.0232978
0.6990699,-1.0251662
0.70007,-1.0278548
0.70107013,-1.0302472
0.70207024,-1.0323362
0.70307034,-1.0353707
0.70407045,-1.0374779
0.70507056,-1.0401621
0.70607066,-1.0420057
0.7070707,-1.0449678
0.7080708,-1.0467365
0.7090709,-1.049612
0.710071,-1.0521065
0.71107113,-1.05438
0.71207124,-1.056956
0.71307135,-1.0589705
0.71407145,-1.0616734
0.71507156,-1.0636966
0.7160716,-1.0677125
0.7170717,-1.0700575
0.7180718,-1.073135
0.7190719,-1.0751023
0.72007203,-1.0776068
0.72107214,-1.0799206
0.72207224,-1.0825838
0.72307235,-1.0854316
0.72407246,-1.0877644
0.72507256,-1.0900261
0.7260726,-1.092597
0.7270727,-1.0953096
0.7280728,-1.0979453
0.7290729,-1.1001832
0.73007303,-1.1022288
0.73107314,-1.1054758
0.73207325,-1.107913
0.73307335,-1.1101336
0.73407346,-1.1126894
0.7350735,-1.1154493
0.7360736,-1.1180247
0.7370737,-1.1217355
0.7380738,-1.1244879
0.73907393,-1.1267235
0.74007404,-1.1295494
0.74107414,-1.1317011
0.74207425,-1.1345338
0.74307436,-1.137113
0.74407446,-1.1395805
0.7450745,-1.1424599
0.7460746,-1.1449248
0.7470747,-1.147303
0.7480748,-1.1502136
0.74907494,-1.1528802
0.75007504,-1.1547958
0.75107515,-1.158159
0.75207525,-1.1605881
0.75307536,-1.1627122
0.7540754,-1.1659672
0.7550755,-1.1681775
0.7560756,-1.1713005
0.7570757,-1.1733748
0.75807583,-1.1777407
0.75907594,-1.1799005
0.76007605,-1.182905
0.76107615,-1.1858003
0.76207626,-1.1878563
0.76307636,-1.1907173
0.7640764,-1.1936568
0.7650765,-1.1956799
0.7660766,-1.1986772
0.76707673,-1.2015401
0.76807684,-1.2043523
0.76907694,-1.2065191
0.77007705,-1.2092319
0.77107716,-1.2122781
0.77207726,-1.2147948
0.7730773,-1.2171385
0.7740774,-1.2201842
0.7750775,-1.2227708
0.7760776,-1.2257397
0.77707773,-1.2276481
0.77807784,-1.2323097
0.77907795,-1.2348126
0.78007805,-1.2375844
0.78107816,-1.240328
0.78207827,-1.2432522
0.7830783,-1.2456406
0.7840784,-1.2482187
0.7850785,-1.2512261
0.78607863,-1.2540706
0.78707874,-1.2564174
0.78807884,-1.259071
0.78907895,-1.262335
0.79007906,-1.2645696
0.79107916,-1.2679136
0.7920792,-1.2697064
0.7930793,-1.2725786
0.7940794,-1.2755752
0.7950795,-1.2787012
0.79607964,-1.2813826
0.79707974,-1.2837101
0.79807985,-1.286571
0.79907995,-1.2908603
0.80008006,-1.2935419
0.80108017,-1.2964386
0.8020802,-1.2990423
0.8030803,-1.3019515
0.8040804,-1.3049005
0.80508053,-1.3073055
0.80608064,-1.3101934
0.80708075,-1.3130559
0.80808085,-1.3161172
0.80908096,-1.3188066
0.81008106,-1.321388
0.8110811,-1.3241898
0.8120812,-1.3265604
0.8130813,-1.3299578
0.81408143,-1.3329037
0.81508154,-1.3352091
0.81608164,-1.338324
0.81708175,-1.3410233
0.81808186,-1.3436888
0.81908196,-1.346543
0.82008207,-1.3507745
0.8210821,-1.3539784
0.8220822,-1.3559445
0.8230823,-1.3591233
0.82408243,-1.3619202
0.82508254,-1.3646818
0.82608265,-1.3678788
0.82708275,-1.370576
0.82808286,-1.373319
0.82908297,-1.3764788
0.830083,-1.3786718
0.8310831,-1.3816198
0.8320832,-1.3842899
0.83308333,-1.387574
0.83408344,-1.3905979
0.83508354,-1.393168
0.83608365,-1.3963792
0.83708376,-1.3992654
0.83808386,-1.401735
0.83908397,-1.4047548
0.840084,-1.4076904
0.8410841,-1.4118785
0.8420842,-1.4147798
0.84308434,-1.4175516
0.84408444,-1.4202657
0.84508455,-1.4232836
0.84608465,-1.4263614
0.84708476,-1.4287525
0.84808487,-1.4314654
0.8490849,-1.434496
0.850085,-1.4369919
0.8510851,-1.440665
0.85208523,-1.4433975
0.85308534,-1.4465262
0.85408545,-1.448825
0.85508555,-1.4517187
0.85608566,-1.4552764
0.85708576,-1.4579293
0.8580859,-1.4607619
0.8590859,-1.4638871
0.860086,-1.466349
0.86108613,-1.4707932
0.86208624,-1.4735345
0.86308634,-1.4765488
0.86408645,-1.4796144
0.86508656,-1.4822382
0.86608666,-1.4851631
0.86708677,-1.488268
0.8680868,-1.4910198
0.8690869,-1.4941367
0.870087,-1.4971062
0.87108713,-1.4999803
0.87208724,-1.5025978
0.87308735,-1.5058545
0.87408745,-1.5084165
0.87508756,-1.5116861
0.87608767,-1.5150868
0.8770878,-1.5174168
0.8780878,-1.5203546
0.8790879,-1.5230674
0.88008803,-1.5260636
0.88108814,-1.5292093
0.88208824,-1.5333207
0.88308835,-1.5363917
0.88408846,-1.5391508
0.88508856,-1.5418855
0.88608867,-1.5451465
0.8870887,-1.5480353
0.8880888,-1.5509037
0.8890889,-1.5546404
0.89008904,-1.5572733
0.89108914,-1.5603889
0.89208925,-1.5631801
0.89308935,-1.5662895
0.89408946,-1.5689893
0.89508957,-1.571637
0.8960897,-1.5748456
0.8970897,-1.5774332
0.8980898,-1.5807277
0.89908993,-1.5835527
0.90009004,-1.5868386
0.90109015,-1.5895916
0.90209025,-1.592517
0.90309036,-1.5971109
0.90409046,-1.6001487
0.9050906,-1.6027391
0.9060906,-1.6058613
0.9070907,-1.6085738
0.90809083,-1.6121479
0.90909094,-1.6150104
0.91009104,-1.6180731
0.91109115,-1.621045
0.91209126,-1.6232692
0.91309136,-1.626296
0.91409147,-1.6293648
0.9150915,-1.6329906
0.9160916,-1.6356176
0.9170917,-1.6383754
0.91809183,-1.6416653
0.91909194,-1.6444509
0.92009205,-1.6480659
0.92109215,-1.6505128
0.92209226,-1.6537555
0.92309237,-1.6562892
0.9240925,-1.661217
0.9250925,-1.6641408
0.9260926,-1.6668583
0.92709273,-1.6702847
0.92809284,-1.6732484
0.92909294,-1.6758136
0.93009305,-1.6785144
0.93109316,-1.6815399
0.93209326,-1.684815
0.93309337,-1.6886497
0.9340934,-1.691193
0.9350935,-1.6939038
0.9360936,-1.6966366
0.93709373,-1.7002598
0.93809384,-1.7034941
0.93909395,-1.7062699
0.94009405,-1.7089536
0.94109416,-1.7115992
0.94209427,-1.7156057
0.9430944,-1.7182338
0.9440944,-1.7228223
0.9450945,-1.7260381
0.94609463,-1.7291607
0.94709474,-1.7315875
0.94809484,-1.7349982
0.94909495,-1.7378706
0.95009506,-1.7407919
0.95109516,-1.7437296
0.95209527,-1.7471548
0.9530953,-1.7497572
0.9540954,-1.7528235
0.9550955,-1.7564679
0.95609564,-1.7589971
0.95709574,-1.7623128
0.95809585,-1.7649828
0.95909595,-1.7681587
0.96009606,-1.7715101
0.96109617,-1.774305
0.9620963,-1.7772795
0.9630963,-1.7801255
0.9640964,-1.7829667
0.96509653,-1.787898
0.96609664,-1.7909483
0.96709675,-1.7935728
0.96809685,-1.7974159
0.96909696,-1.8000716
0.97009706,-1.802666
0.9710972,-1.8056847
0.9720972,-1.8093513
0.9730973,-1.8126494
0.97409743,-1.8152621
0.97509754,-1.8181099
0.97609764,-1.8206975
0.97709775,-1.8242333
0.97809786,-1.8271805
0.97909796,-1.8309218
0.98009807,-1.8336741
0.9810982,-1.836297
0.9820982,-1.8399638
0.9830983,-1.842544
0.98409843,-1.8459972
0.98509854,-1.8485128
0.98609865,-1.853579
0.98709875,-1.8559808
0.98809886,-1.8589188
0.98909897,-1.8623699
0.9900991,-1.8656645
0.9910991,-1.8691311
0.9920992,-1.8716482
0.99309933,-1.8743914
0.99409944,-1.877002
0.99509954,-1.8810184
0.99609965,-1.8842808
0.99709976,-1.886893
0.99809986,-1.8898917
0.99909997,-1.8922758
1.0001,-1.8961455
1.0011002,-1.8989679
1.0021002,-1.9019507
1.0031004,-1.9047239
1.0041004,-1.9079952
1.0051006,-1.9110657
1.0061007,-1.9140049
1.0071007,-1.9172529
1.0081009,-1.9206511
1.0091009,-1.9233745
1.0101011,-1.9265835
1.0111011,-1.9293154
1.0121013,-1.9327403
1.0131013,-1.9358027
1.0141015,-1.9380311
1.0151016,-1.9414967
1.0161016,-1.944718
1.0171018,-1.9507849
1.0181018,-1.9534744
1.019102,-1.9574956
1.020102,-1.9599439
1.0211022,-1.9627737
1.0221022,-1.9658935
1.0231024,-1.9691721
1.0241024,-1.9724643
1.0251025,-1.9748601
1.0261027,-1.9776703
1.0271027,-1.980721
1.0281029,-1.9840842
1.0291029,-1.9873234
1.0301031,-1.9905049
1.0311031,-1.9937772
1.0321033,-1.9960989
1.0331033,-1.99899
1.0341034,-2.0022516
1.0351036,-2.0054991
1.0361036,-2.0084202
1.0371038,-2.0110266
1.0381038,-2.0143297
1.039104,-2.017447
1.040104,-2.020585
1.0411042,-2.0236719
1.0421042,-2.0268128
1.0431043,-2.029412
1.0441045,-2.0322833
1.0451045,-2.0358944
1.0461047,-2.0390148
1.0471047,-2.0416527
1.0481049,-2.044706
1.0491049,-2.047289
1.0501051,-2.0507555
1.0511051,-2.0543942
1.0521053,-2.0565462
1.0531054,-2.0598547
1.0541054,-2.0632312
1.0551056,-2.0660212
1.0561056,-2.0693035
1.0571058,-2.071858
1.0581058,-2.0777538
1.059106,-2.0809371
1.060106,-2.083936
1.0611062,-2.0869052
1.0621063,-2.0896723
1.0631063,-2.0931325
1.0641065,-2.0966244
1.0651065,-2.0992324
1.0661067,-2.102554
1.0671067,-2.105251
1.0681069,-2.1081946
1.0691069,-2.1112382
1.0701071,-2.1143718
1.0711071,-2.1170347
1.0721072,-2.1202
1.0731074,-2.1231828
1.0741074,-2.1256955
1.0751076,-2.1293151
1.0761076,-2.132367
1.0771078,-2.135461
1.0781078,-2.138285
1.079108,-2.1410313
1.080108,-2.1444554
1.0811081,-2.1473973
1.0821083,-2.1499975
1.0831083,-2.1528091
1.0841085,-2.1561148
1.0851085,-2.1589339
1.0861087,-2.1624012
1.0871087,-2.1652021
1.0881089,-2.1679697
1.089109,-2.171432
1.0901091,-2.174144
1.0911092,-2.1773553
1.0921092,-2.18029
1.0931094,-2.1828468
1.0941094,-2.1856568
1.0951096,-2.189082
1.0961096,-2.191395
1.0971098,-2.194823
1.0981098,-2.1976635
1.09911,-2.2003894
1.10011,-2.2066507
1.1011101,-2.2094734
1.1021103,-2.2123108
1.1031103,-2.215197
1.1041105,-2.2189922
1.1051105,-2.2213461
1.1061107,-2.224117
1.1071107,-2.226985
1.1081109,-2.2295163
1.109111,-2.2325323
1.110111,-2.2363358
1.1111112,-2.238847
1.1121112,-2.2420406
1.1131114,-2.2444525
1.1141114,-2.2473624
1.1151116,-2.25054
1.1161116,-2.2531092
1.1171118,-2.2563937
1.1181118,-2.2587688
1.1191119,-2.2613406
1.1201121,-2.2646375
1.1211121,-2.2679956
1.1221123,-2.271009
1.1231123,-2.2733634
1.1241125,-2.276234
1.1251125,-2.279195
1.1261127,-2.2821767
1.1271127,-2.2851121
1.1281129,-2.287659
1.129113,-2.2901356
1.130113,-2.2935374
1.1311132,-2.2962916
1.1321132,-2.2992237
1.1331134,-2.302208
1.1341134,-2.3049643
1.1351136,-2.308106
1.1361136,-2.3104565
1.1371138,-2.3134646
1.1381139,-2.3163636
1.1391139,-2.3194416
1.1401141,-2.3222015
1.1411141,-2.3274088
1.1421143,-2.3296418
1.1431143,-2.3331337
1.1441145,-2.336511
1.1451145,-2.3392544
1.1461147,-2.3417947
1.1471148,-2.3444932
1.1481148,-2.3475242
1.149115,-2.3501966
1.150115,-2.3531458
1.1511152,-2.3555095
1.1521152,-2.3585408
1.1531154,-2.3608868
1.1541154,-2.3642402
1.1551156,-2.3674598
1.1561157,-2.3696513
1.1571157,-2.372433
1.1581159,-2.374904
1.1591159,-2.378336
1.1601161,-2.3809478
1.1611161,-2.3838482
1.1621163,-2.386309
1.1631163,-2.3890164
1.1641165,-2.3915899
1.1651165,-2.3945944
1.1661167,-2.3974488
1.1671168,-2.4002194
1.1681168,-2.4029517
1.169117,-2.4051232
1.170117,-2.4083626
1.1711172,-2.4113667
1.1721172,-2.4142363
1.1731174,-2.4166865
1.1741174,-2.419356
1.1751176,-2.4221907
1.1761177,-2.424972
1.1771177,-2.427341
1.1781179,-2.4302654
1.1791179,-2.433283
1.1801181,-2.4359276
1.1811181,-2.438482
1.1821183,-2.4413974
1.1831183,-2.4464948
1.1841185,-2.4497888
1.1851186,-2.4521358
1.1861186,-2.4553053
1.1871188,-2.457385
1.1881188,-2.4602573
1.189119,-2.4632673
1.190119,-2.4659426
1.1911192,-2.46817
1.1921192,-2.4714825
1.1931194,-2.4737012
1.1941195,-2.4766548
1.1951195,-2.4794552
1.1961197,-2.4820197
1.1971197,-2.4845479
1.1981199,-2.4873538
1.1991199,-2.4898148
1.2001201,-2.4927094
1.2011201,-2.495339
1.2021203,-2.4980075
1.2031204,-2.5005763
1.2041205,-2.5034206
1.2051206,-2.5061123
1.2061206,-2.5088358
1.2071208,-2.5111897
1.2081208,-2.5139122
1.209121,-2.516299
1.210121,-2.519366
1.2111212,-2.521795
1.2121212,-2.5249016
1.2131214,-2.5271595
1.2141215,-2.5299041
1.2151215,-2.5326314
1.2161217,-2.5350912
1.2171217,-2.5374904
1.2181219,-2.5400882
1.2191219,-2.5427387
1.2201221,-2.5461054
1.2211221,-2.5481846
1.2221223,-2.5508425
1.2231224,-2.5530832
1.2241224,-2.5589705
1.2251226,-2.5617204
1.2261226,-2.5637019
1.2271228,-2.5665605
1.2281228,-2.5686033
1.229123,-2.5716069
1.230123,-2.574462
1.2311232,-2.577044
1.2321233,-2.5790865
1.2331233,-2.5820024
1.2341235,-2.5849335
1.2351235,-2.5873945
1.2361237,-2.5905778
1.2371237,-2.5923824
1.2381239,-2.5949113
1.239124,-2.5979226
1.2401241,-2.6004937
1.2411242,-2.6026237
1.2421243,-2.6053865
1.2431244,-2.6076686
1.2441244,-2.6102896
1.2451246,-2.6131008
1.2461246,-2.6157553
1.2471248,-2.618221
1.2481248,-2.6209877
1.249125,-2.6235151
1.250125,-2.625608
1.2511252,-2.628413
1.2521253,-2.630886
1.2531253,-2.6335948
1.2541255,-2.6360352
1.2551255,-2.6385942
1.2561257,-2.6407578
1.2571257,-2.6434743
1.2581259,-2.646476
1.259126,-2.6484036
1.2601261,-2.6517742
1.2611262,-2.6538608
1.2621262,-2.6564422
1.2631264,-2.6587906
1.2641264,-2.6612608
1.2651266,-2.6636808
1.2661266,-2.6690552
1.2671268,-2.6709065
1.2681268,-2.673715
1.269127,-2.6766908
1.270127,-2.679269
1.2711271,-2.6814225
1.2721273,-2.683848
1.2731273,-2.6860511
1.2741275,-2.6892087
1.2751275,-2.691811
1.2761277,-2.694053
1.2771277,-2.696053
1.2781279,-2.6984506
1.279128,-2.7017477
1.280128,-2.7041662
1.2811282,-2.7064939
1.2821282,-2.708956
1.2831284,-2.711142
1.2841284,-2.7136507
1.2851286,-2.716406
1.2861286,-2.718682
1.2871288,-2.7209704
1.2881289,-2.7234442
1.289129,-2.7260144
1.2901291,-2.7281322
1.2911291,-2.7311378
1.2921293,-2.7335634
1.2931293,-2.73618
1.2941295,-2.738668
1.2951295,-2.7407506
1.2961297,-2.7434633
1.2971298,-2.7457168
1.2981299,-2.7482193
1.29913,-2.7500632
1.30013,-2.7529993
1.3011302,-2.755336
1.3021302,-2.7579465
1.3031304,-2.7605958
1.3041304,-2.762599
1.3051306,-2.7653053
1.3061306,-2.767588
1.3071308,-2.7724838
1.3081309,-2.7745187
1.3091309,-2.777408
1.3101311,-2.7798922
1.3111311,-2.7819834
1.3121313,-2.7841742
1.3131313,-2.7866333
1.3141315,-2.7896845
1.3151315,-2.7921402
1.3161317,-2.7940273
1.3171318,-2.796363
1.3181318,-2.7986252
1.319132,-2.8014796
1.320132,-2.8040175
1.3211322,-2.8059528
1.3221322,-2.808268
1.3231324,-2.8105192
1.3241324,-2.8130555
1.3251326,-2.8154504
1.3261327,-2.817831
1.3271328,-2.8204286
1.3281329,-2.8229926
1.3291329,-2.8252394
1.3301331,-2.8275642
1.3311331,-2.829788
1.3321333,-2.8320758
1.3331333,-2.8346903
1.3341335,-2.8370912
1.3351336,-2.8391912
1.3361337,-2.841511
1.3371338,-2.8440745
1.3381338,-2.846544
1.339134,-2.848152
1.340134,-2.8512647
1.3411342,-2.8537982
1.3421342,-2.8558311
1.3431344,-2.8583362
1.3441344,-2.8599656
1.3451346,-2.8628094
1.3461347,-2.8653061
1.3471347,-2.8673506
1.3481349,-2.8696516
1.3491349,-2.8744469
1.3501351,-2.8771317
1.3511351,-2.8796308
1.3521353,-2.8811402
1.3531353,-2.883701
1.3541355,-2.8863132
1.3551356,-2.8884447
1.3561356,-2.8906882
1.3571358,-2.8928435
1.3581358,-2.8951414
1.359136,-2.8978922
1.360136,-2.90004
1.3611362,-2.902386
1.3621362,-2.904675
1.3631364,-2.906778
1.3641365,-2.9094732
1.3651366,-2.9112372
1.3661367,-2.91349
1.3671367,-2.9162278
1.3681369,-2.918238
1.3691369,-2.9203985
1.3701371,-2.9227922
1.3711371,-2.9250066
1.3721373,-2.9272404
1.3731374,-2.9298146
1.3741375,-2.9317102
1.3751376,-2.9342153
1.3761376,-2.9367082
1.3771378,-2.938827
1.3781378,-2.9411364
1.379138,-2.9432085
1.380138,-2.945501
1.3811382,-2.9479458
1.3821383,-2.950006
1.3831384,-2.9520814
1.3841385,-2.954491
1.3851385,-2.9569466
1.3861387,-2.9592202
1.3871387,-2.9613922
1.3881389,-2.963369
1.3891389,-2.965923
1.3901391,-2.97037
1.3911391,-2.9727995
1.3921393,-2.9745684
1.3931394,-2.9765656
1.3941394,-2.9797022
1.3951396,-2.982014
1.3961396,-2.9835575
1.3971398,-2.9858837
1.3981398,-2.988117
1.39914,-2.990564
1.40014,-2.9929912
1.4011402,-2.995066
1.4021403,-2.9970682
1.4031404,-2.9993265
1.4041405,-3.0017364
1.4051405,-3.0038333
1.4061407,-3.0060704
1.4071407,-3.0083578
1.4081409,-3.0103636
1.409141,-3.012571
1.4101411,-3.014863
1.4111412,-3.0168827
1.4121413,-3.0193179
1.4131414,-3.0215433
1.4141414,-3.0234416
1.4151416,-3.0257652
1.4161416,-3.0282767
1.4171418,-3.0307446
1.4181418,-3.0327425
1.419142,-3.0342827
1.420142,-3.0368345
1.4211422,-3.0387952
1.4221423,-3.0413337
1.4231423,-3.0432398
1.4241425,-3.0452461
1.4251425,-3.0477889
1.4261427,-3.0499024
1.4271427,-3.051918
1.4281429,-3.0542657
1.429143,-3.0565403
1.4301431,-3.058499
1.4311432,-3.060839
1.4321432,-3.0652184
1.4331434,-3.0669606
1.4341434,-3.069573
1.4351436,-3.0719469
1.4361436,-3.0735967
1.4371438,-3.0755532
1.4381438,-3.0780926
1.439144,-3.0804093
1.4401441,-3.082583
1.4411442,-3.0845096
1.4421443,-3.086377
1.4431443,-3.0889084
1.4441445,-3.0911791
1.4451445,-3.0929782
1.4461447,-3.0949647
1.4471447,-3.0971148
1.4481449,-3.0994573
1.449145,-3.1016052
1.4501451,-3.103731
1.4511452,-3.106138
1.4521452,-3.1079094
1.4531454,-3.1100223
1.4541454,-3.1121025
1.4551456,-3.1146398
1.4561456,-3.116371
1.4571458,-3.1185598
1.4581459,-3.120746
1.459146,-3.1222613
1.4601461,-3.125045
1.4611461,-3.1272004
1.4621463,-3.1297202
1.4631463,-3.1309733
1.4641465,-3.1331515
1.4651465,-3.1354806
1.4661467,-3.137758
1.4671468,-3.1397016
1.4681469,-3.141465
1.469147,-3.1437104
1.470147,-3.145957
1.4711472,-3.148249
1.4721472,-3.1501093
1.4731474,-3.154156
1.4741474,-3.156595
1.4751476,-3.158769
1.4761477,-3.1605647
1.4771478,-3.1626532
1.4781479,-3.164661
1.479148,-3.1666234
1.4801481,-3.1686008
1.4811481,-3.1708198
1.4821483,-3.1730425
1.4831483,-3.1749098
1.4841485,-3.1773152
1.4851485,-3.1793253
1.4861487,-3.1810532
1.4871488,-3.183352
1.4881489,-3.1854534
1.489149,-3.187611
1.490149,-3.189264
1.4911492,-3.1914854
1.4921492,-3.193462
1.4931494,-3.1958315
1.4941494,-3.1974044
1.4951496,-3.199741
1.4961497,-3.2020922
1.4971498,-3.203838
1.4981499,-3.2061708
1.4991499,-3.2079537
1.5001501,-3.2101557
1.5011501,-3.212085
1.5021503,-3.214053
1.5031503,-3.2157867
1.5041505,-3.2181554
1.5051506,-3.2202709
1.5061507,-3.2223766
1.5071508,-3.2242362
1.5081508,-3.226361
1.509151,-3.228226
1.510151,-3.230839
1.5111512,-3.2326715
1.5121512,-3.2342207
1.5131514,-3.2363293
1.5141515,-3.2381532
1.5151516,-3.242513
1.5161517,-3.2444794
1.5171518,-3.246299
1.5181519,-3.2484834
1.5191519,-3.250575
1.5201521,-3.2525268
1.5211521,-3.2544937
1.5221523,-3.2566357
1.5231524,-3.258485
1.5241525,-3.2607806
1.5251526,-3.2625728
1.5261527,-3.2645538
1.5271528,-3.26634
1.5281528,-3.2683904
1.529153,-3.2705302
1.530153,-3.2727797
1.5311532,-3.2745004
1.5321532,-3.276594
1.5331534,-3.278657
1.5341535,-3.2803476
1.5351536,-3.282327
1.5361537,-3.284706
1.5371537,-3.2865021
1.5381539,-3.2882707
1.5391539,-3.2899497
1.5401541,-3.2922235
1.5411541,-3.294176
1.5421543,-3.2967696
1.5431544,-3.2981207
1.5441545,-3.300118
1.5451546,-3.3023982
1.5461546,-3.3044083
1.5471548,-3.3061697
1.5481548,-3.307947
1.549155,-3.309857
1.550155,-3.3122313
1.5511552,-3.3139493
1.5521553,-3.3156416
1.5531554,-3.318033
1.5541555,-3.320076
1.5551555,-3.3217835
1.5561557,-3.3256695
1.5571557,-3.3276577
1.5581559,-3.3299375
1.559156,-3.331742
1.5601561,-3.333297
1.5611562,-3.335294
1.5621563,-3.3372252
1.5631564,-3.339389
1.5641565,-3.341797
1.5651566,-3.3433862
1.5661566,-3.3451025
1.5671568,-3.346894
1.5681568,-3.3488357
1.569157,-3.3509574
1.570157,-3.3531287
1.5711572,-3.3548324
1.5721573,-3.356622
1.5731574,-3.358483
1.5741575,-3.360148
1.5751575,-3.3625753
1.5761577,-3.3645556
1.5771577,-3.3664353
1.5781579,-3.3679276
1.579158,-3.36996
1.5801581,-3.3721468
1.5811582,-3.3741004
1.5821583,-3.376011
1.5831584,-3.3776145
1.5841584,-3.3795578
1.5851586,-3.3813255
1.5861586,-3.3836243
1.5871588,-3.3855846
1.5881588,-3.3873765
1.589159,-3.3890822
1.590159,-3.3910344
1.5911592,-3.3931377
1.5921593,-3.3949187
1.5931593,-3.396913
1.5941595,-3.3985608
1.5951595,-3.400757
1.5961597,-3.402281
1.5971597,-3.4042225
1.5981599,-3.4082859
1.59916,-3.4102793
1.6001601,-3.4119444
1.6011602,-3.413572
1.6021603,-3.4155204
1.6031604,-3.4176276
1.6041604,-3.4197018
1.6051606,-3.421405
1.6061606,-3.423123
1.6071608,-3.424917
1.6081609,-3.4268806
1.609161,-3.42871
1.6101611,-3.4309332
1.6111612,-3.432606
1.6121613,-3.434466
1.6131613,-3.4363534
1.6141615,-3.4381666
1.6151615,-3.440139
1.6161617,-3.4418528
1.6171618,-3.4436886
1.6181619,-3.4456234
1.619162,-3.4473789
1.6201621,-3.4494145
1.6211622,-3.4513276
1.6221622,-3.4532063
1.6231624,-3.454705
1.6241624,-3.4568877
1.6251626,-3.458712
1.6261626,-3.460407
1.6271628,-3.4620492
1.6281629,-3.4638493
1.629163,-3.4657772
1.6301631,-3.467847
1.6311631,-3.4697406
1.6321633,-3.4712145
1.6331633,-3.4733262
1.6341635,-3.4753067
1.6351635,-3.477165
1.6361637,-3.4787195
1.6371638,-3.480462
1.6381639,-3.4823377
1.639164,-3.4860914
1.6401641,-3.487965
1.6411642,-3.489836
1.6421642,-3.491462
1.6431644,-3.4932463
1.6441644,-3.495277
1.6451646,-3.4972541
1.6461647,-3.4990427
1.6471648,-3.5008776
1.6481649,-3.5025532
1.649165,-3.5040514
1.6501651,-3.505832
1.6511651,-3.508021
1.6521653,-3.509937
1.6531653,-3.5114622
1.6541655,-3.513365
1.6551656,-3.5152535
1.6561657,-3.5170777
1.6571658,-3.5190554
1.6581659,-3.5204127
1.659166,-3.5223575
1.660166,-3.5243342
1.6611662,-3.5259025
1.6621662,-3.5279267
1.6631664,-3.5292842
1.6641665,-3.5312746
1.6651666,-3.5334117
1.6661667,-3.534957
1.6671668,-3.5368998
1.6681669,-3.5385144
1.6691669,-3.5404403
1.6701671,-3.542027
1.6711671,-3.5438702
1.6721673,-3.545849
1.6731673,-3.547324
1.6741675,-3.5493286
1.6751676,-3.5510943
1.6761677,-3.5525758
1.6771678,-3.554539
1.6781679,-3.5562952
1.679168,-3.558537
1.680168,-3.5602605
1.6811682,-3.5636253
1.6821682,-3.565169
1.6831684,-3.5671055
1.6841685,-3.568682
1.6851686,-3.5707018
1.6861687,-3.5724795
1.6871688,-3.5740526
1.6881689,-3.5759041
1.6891689,-3.577675
1.6901691,-3.579694
1.6911691,-3.5810523
1.6921693,-3.583012
1.6931694,-3.5847423
1.6941695,-3.5863626
1.6951696,-3.5882711
1.6961697,-3.5897954
1.6971698,-3.5916388
1.6981698,-3.593439
1.69917,-3.5948942
1.70017,-3.5970678
1.7011702,-3.5989478
1.7021703,-3.600555
1.7031704,-3.6023633
1.7041705,-3.6037633
1.7051706,-3.606054
1.7061707,-3.6074593
1.7071707,-3.6091385
1.7081709,-3.6104841
1.7091709,-3.6124978
1.7101711,-3.6145122
1.7111712,-3.6160426
1.7121713,-3.6178772
1.7131714,-3.6196296
1.7141715,-3.6214423
1.7151716,-3.6233742
1.7161717,-3.6247857
1.7171718,-3.6266267
1.7181718,-3.6279714
1.719172,-3.630215
1.720172,-3.6320126
1.7211722,-3.6332343
1.7221723,-3.6368124
1.7231724,-3.6387432
1.7241725,-3.640694
1.7251726,-3.6420877
1.7261727,-3.6438859
1.7271727,-3.645212
1.7281729,-3.647318
1.729173,-3.6485603
1.7301731,-3.6505668
1.7311732,-3.6524713
1.7321733,-3.653936
1.7331734,-3.655675
1.7341735,-3.6572096
1.7351736,-3.6593046
1.7361736,-3.6611884
1.7371738,-3.6625526
1.7381738,-3.6640513
1.739174,-3.665963
1.740174,-3.667831
1.7411742,-3.6696718
1.7421743,-3.6707907
1.7431744,-3.672753
1.7441745,-3.6742094
1.7451745,-3.6761801
1.7461747,-3.677924
1.7471747,-3.6794755
1.7481749,-3.6818018
1.749175,-3.682805
1.7501751,-3.6847847
1.7511752,-3.6857708
1.7521753,-3.6878998
1.7531754,-3.6897953
1.7541755,-3.691349
1.7551756,-3.693473
1.7561756,-3.694269
1.7571758,-3.6962545
1.7581758,-3.6986053
1.759176,-3.6998007
1.7601761,-3.7016842
1.7611762,-3.7029972
1.7621763,-3.7047348
1.7631764,-3.7064211
1.7641765,-3.7098672
1.7651765,-3.7110302
1.7661767,-3.7132573
1.7671767,-3.714928
1.7681769,-3.7164605
1.769177,-3.7186322
1.7701771,-3.7197049
1.7711772,-3.7217302
1.7721773,-3.7231503
1.7731774,-3.7249105
1.7741774,-3.726754
1.7751776,-3.7279708
1.7761776,-3.7298915
1.7771778,-3.7314765
1.7781779,-3.7329772
1.779178,-3.7348564
1.7801781,-3.7367857
1.7811782,-3.7383277
1.7821783,-3.7398193
1.7831783,-3.7413495
1.7841785,-3.743048
1.7851785,-3.7447474
1.7861787,-3.746648
1.7871788,-3.7480125
1.7881789,-3.74939
1.789179,-3.7510307
1.7901791,-3.7528932
1.7911792,-3.7547357
1.7921793,-3.7564957
1.7931794,-3.75823
1.7941794,-3.7596762
1.7951796,-3.7610552
1.7961797,-3.7628293
1.7971798,-3.7646778
1.7981799,-3.7660782
1.79918,-3.7680113
1.8001801,-3.7689679
1.8011802,-3.7707574
1.8021803,-3.7723584
1.8031803,-3.7744193
1.8041805,-3.7763278
1.8051805,-3.7791047
1.8061807,-3.7805438
1.8071808,-3.7828324
1.8081809,-3.783695
1.809181,-3.785586
1.8101811,-3.7871752
1.8111812,-3.7886667
1.8121812,-3.790612
1.8131814,-3.7919219
1.8141814,-3.7938993
1.8151816,-3.79529
1.8161817,-3.7970915
1.8171818,-3.7984445
1.8181819,-3.80035
1.819182,-3.8018336
1.8201821,-3.8033464
1.8211821,-3.805104
1.8221823,-3.8063662
1.8231823,-3.8080251
1.8241825,-3.8099697
1.8251826,-3.811305
1.8261827,-3.8134015
1.8271828,-3.8146727
1.8281829,-3.816644
1.829183,-3.8181224
1.830183,-3.8193648
1.8311832,-3.8210618
1.8321832,-3.8223927
1.8331834,-3.8245034
1.8341835,-3.8259385
1.8351836,-3.8276408
1.8361837,-3.8287733
1.8371838,-3.8307545
1.8381839,-3.8325632
1.839184,-3.833804
1.8401841,-3.83561
1.8411841,-3.8369293
1.8421843,-3.8386695
1.8431844,-3.8403265
1.8441845,-3.8418834
1.8451846,-3.8433647
1.8461847,-3.8449628
1.8471848,-3.848204
1.848185,-3.8496044
1.849185,-3.8514144
1.850185,-3.8530285
1.8511852,-3.8548715
1.8521852,-3.8564556
1.8531854,-3.8573525
1.8541855,-3.8592443
1.8551856,-3.8605547
1.8561857,-3.8624156
1.8571858,-3.864134
1.8581859,-3.8654835
1.8591859,-3.8671196
1.8601861,-3.8686395
1.8611861,-3.8702533
1.8621863,-3.8722472
1.8631864,-3.8732088
1.8641865,-3.8750522
1.8651866,-3.8765395
1.8661867,-3.878112
1.8671868,-3.880127
1.8681868,-3.8808744
1.869187,-3.8829498
1.870187,-3.8839915
1.8711872,-3.8860033
1.8721873,-3.887505
1.8731874,-3.8891904
1.8741875,-3.890918
1.8751876,-3.8920753
1.8761877,-3.8938398
1.8771878,-3.895131
1.8781879,-3.896823
1.879188,-3.8986347
1.8801881,-3.8997836
1.8811882,-3.90151
1.8821883,-3.9029372
1.8831884,-3.9047782
1.8841885,-3.9066696
1.8851886,-3.9074092
1.8861887,-3.9094758
1.8871888,-3.9103696
1.8881888,-3.9143093
1.889189,-3.9152653
1.890189,-3.9173992
1.8911892,-3.9183214
1.8921893,-3.920304
1.8931894,-3.9211004
1.8941895,-3.9232771
1.8951896,-3.9246643
1.8961897,-3.9261675
1.8971897,-3.9276662
1.8981899,-3.9291947
1.89919,-3.9311023
1.9001901,-3.9326098
1.9011902,-3.9340932
1.9021903,-3.935341
1.9031904,-3.937155
1.9041905,-3.9383295
1.9051906,-3.9405053
1.9061906,-3.9411972
1.9071908,-3.9432507
1.9081908,-3.9445095
1.909191,-3.946297
1.910191,-3.9472482
1.9111912,-3.9489112
1.9121913,-3.9511135
1.9131914,-3.952346
1.9141915,-3.9540517
1.9151917,-3.955025
1.9161917,-3.956804
1.9171917,-3.958328
1.9181919,-3.9602296
1.919192,-3.9611619
1.9201921,-3.9628632
1.9211922,-3.9639888
1.9221923,-3.9660938
1.9231924,-3.967519
1.9241925,-3.96897
1.9251926,-3.970732
1.9261926,-3.97176
1.9271928,-3.9738426
1.9281929,-3.974858
1.929193,-3.9765983
1.9301931,-3.9796147
1.9311932,-3.9807105
1.9321933,-3.9828143
1.9331934,-3.9841318
1.9341935,-3.985452
1.9351935,-3.9874997
1.9361937,-3.9882624
1.9371938,-3.9903338
1.9381939,-3.9916587
1.939194,-3.9931314
1.9401941,-3.9944637
1.9411942,-3.9962127
1.9421943,-3.9974525
1.9431944,-3.9992988
1.9441944,-4.0003376
1.9451946,-4.002283
1.9461946,-4.00345
1.9471948,-4.005129
1.9481949,-4.0064535
1.949195,-4.0081263
1.9501951,-4.009865
1.9511952,-4.010629
1.9521953,-4.012957
1.9531955,-4.013721
1.9541955,-4.015841
1.9551955,-4.0165544
1.9561957,-4.0183206
1.9571958,-4.020113
1.9581959,-4.021313
1.959196,-4.023131
1.9601961,-4.024338
1.9611962,-4.0262403
1.9621964,-4.0275273
1.9631964,-4.0289526
1.9641964,-4.030269
1.9651966,-4.031577
1.9661967,-4.032958
1.9671968,-4.034936
1.9681969,-4.036428
1.969197,-4.03766
1.9701971,-4.0390315
1.9711972,-4.0425677
1.9721973,-4.0433764
1.9731973,-4.045435
1.9741975,-4.0459905
1.9751976,-4.0480847
1.9761977,-4.0494056
1.9771978,-4.0506864
1.9781979,-4.052135
1.979198,-4.053909
1.9801981,-4.055561
1.9811982,-4.0569425
1.9821982,-4.058166
1.9831984,-4.0599356
1.9841985,-4.0610995
1.9851986,-4.062569
1.9861987,-4.063896
1.9871988,-4.065202
1.9881989,-4.0674124
1.989199,-4.06803
1.9901991,-4.0701623
1.9911993,-4.0711956
1.9921993,-4.072807
1.9931993,-4.074762
1.9941995,-4.075723
1.9951996,-4.0773473
1.9961997,-4.0781236
1.9971998,-4.080371
1.9981999,-4.08168
1.9992,-4.083124
2.0002,-4.0843625
2.0012002,-4.0877604
2.0022004,-4.0877604
2.0032003,-4.0902247
2.0042005,-4.0902247
2.0052006,-4.093037
2.0062008,-4.093037
2.0072007,-4.096171
2.008201,-4.096171
2.009201,-4.099293
2.0102012,-4.099293
2.0112011,-4.1020436
2.0122013,-4.1020436
2.0132015,-4.1048474
2.0142014,-4.1048474
2.0152016,-4.1075635
2.0162017,-4.1075635
2.017202,-4.1102843
2.0182018,-4.1102843
2.019202,-4.1130342
2.0202022,-4.1130342
2.021202,-4.116042
2.0222023,-4.116042
2.0232024,-4.1188016
2.0242026,-4.1188016
2.0252025,-4.122089
2.0262027,-4.122089
2.0272028,-4.124787
2.028203,-4.124787
2.029203,-4.127708
2.030203,-4.127708
2.0312033,-4.130568
2.0322032,-4.130568
2.0332034,-4.133556
2.0342035,-4.136106
2.0352037,-4.136106
2.0362036,-4.139252
2.0372038,-4.139252
2.038204,-4.1417146
2.039204,-4.1417146
2.040204,-4.144449
2.0412042,-4.144449
2.0422044,-4.147595
2.0432043,-4.147595
2.0442045,-4.1500783
2.0452046,-4.1500783
2.0462048,-4.1531157
2.0472047,-4.1531157
2.048205,-4.1561627
2.049205,-4.1561627
2.050205,-4.15867
2.0512052,-4.15867
2.0522053,-4.1615844
2.0532055,-4.1615844
2.0542054,-4.1646094
2.0552056,-4.1646094
2.0562057,-4.167459
2.057206,-4.167459
2.0582058,-4.1702476
2.059206,-4.1702476
2.0602062,-4.1730027
2.061206,-4.1730027
2.0622063,-4.175352
2.0632064,-4.175352
2.0642066,-4.1784644
2.0652065,-4.1784644
2.0662067,-4.181277
2.0672069,-4.181277
2.0682068,-4.1840215
2.069207,-4.1840215
2.070207,-4.1870832
2.0712073,-4.1870832
2.0722072,-4.1898203
2.0732074,-4.1898203
2.0742075,-4.192368
2.0752077,-4.195182
2.0762076,-4.195182
2.0772078,-4.1982284
2.078208,-4.1982284
2.079208,-4.200949
2.080208,-4.200949
2.0812082,-4.203729
2.0822084,-4.203729
2.0832083,-4.2062345
2.0842085,-4.2062345
2.0852087,-4.209082
2.0862086,-4.209082
2.0872087,-4.212053
2.088209,-4.212053
2.089209,-4.214605
2.090209,-4.214605
2.0912092,-4.2171893
2.0922093,-4.2171893
2.0932095,-4.220282
2.0942094,-4.220282
2.0952096,-4.2229834
2.0962098,-4.2229834
2.0972097,-4.2260337
2.0982099,-4.2260337
2.09921,-4.228619
2.1002102,-4.228619
2.10121,-4.2310843
2.1022103,-4.2310843
2.1032104,-4.2336907
2.1042106,-4.2336907
2.1052105,-4.2365727
2.1062107,-4.2365727
2.1072109,-4.2398467
2.1082108,-4.2398467
2.109211,-4.2424917
2.1102111,-4.2424917
2.1112113,-4.2449403
2.1122112,-4.2449403
2.1132114,-4.247458
2.1142116,-4.247458
2.1152115,-4.250357
2.1162117,-4.253206
2.1172118,-4.253206
2.118212,-4.256166
2.119212,-4.256166
2.120212,-4.258826
2.1212122,-4.258826
2.1222124,-4.2616463
2.1232123,-4.2616463
2.1242125,-4.2640166
2.1252127,-4.2640166
2.1262126,-4.266593
2.1272128,-4.266593
2.128213,-4.26932
2.129213,-4.26932
2.130213,-4.2723393
2.1312132,-4.2723393
2.1322134,-4.27478
2.1332135,-4.27478
2.1342134,-4.2775474
2.1352136,-4.2775474
2.1362138,-4.280103
2.1372137,-4.280103
2.1382139,-4.2832346
2.139214,-4.2832346
2.1402142,-4.2861094
2.1412141,-4.2861094
2.1422143,-4.288514
2.1432145,-4.288514
2.1442144,-4.2910876
2.1452146,-4.2910876
2.1462147,-4.2935586
2.147215,-4.2935586
2.1482148,-4.2965264
2.149215,-4.2965264
2.1502151,-4.2989383
2.1512153,-4.2989383
2.1522152,-4.302131
2.1532154,-4.302131
2.1542156,-4.3046107
2.1552155,-4.3046107
2.1562157,-4.3069115
2.1572158,-4.3069115
2.158216,-4.309834
2.159216,-4.3121705
2.160216,-4.3121705
2.1612163,-4.315679
2.1622162,-4.315679
2.1632164,-4.318117
2.1642165,-4.318117
2.1652167,-4.3208127
2.1662166,-4.3208127
2.1672168,-4.323356
2.168217,-4.323356
2.169217,-4.325747
2.170217,-4.325747
2.1712172,-4.328346
2.1722174,-4.328346
2.1732173,-4.330996
2.1742175,-4.330996
2.1752176,-4.3338037
2.1762178,-4.3338037
2.1772177,-4.3366213
2.178218,-4.3366213
2.179218,-4.339171
2.1802182,-4.339171
2.1812181,-4.3416004
2.1822183,-4.3416004
2.1832185,-4.344512
2.1842184,-4.344512
2.1852186,-4.347171
2.1862187,-4.347171
2.187219,-4.349892
2.1882188,-4.349892
2.189219,-4.3526444
2.1902192,-4.3526444
2.191219,-4.354952
2.1922193,-4.354952
2.1932194,-4.357504
2.1942196,-4.357504
2.1952195,-4.3602285
2.1962197,-4.3602285
2.1972198,-4.3630853
2.19822,-4.3630853
2.19922,-4.36534
2.20022,-4.3681026
2.2012203,-4.3681026
2.2022202,-4.3706393
2.2032204,-4.3706393
2.2042205,-4.3729453
2.2052207,-4.3729453
2.2062206,-4.37672
2.2072208,-4.37672
2.208221,-4.3788557
2.2092211,-4.3788557
2.210221,-4.381522
2.2112212,-4.381522
2.2122214,-4.3838496
2.2132213,-4.3838496
2.2142215,-4.386315
2.2152216,-4.386315
2.2162218,-4.3892007
2.2172217,-4.3892007
2.218222,-4.3917203
2.219222,-4.3917203
2.220222,-4.3943315
2.2212222,-4.3943315
2.2222223,-4.396627
2.2232225,-4.396627
2.2242224,-4.3993764
2.2252226,-4.3993764
2.2262228,-4.4016824
2.227223,-4.4016824
2.2282228,-4.4048305
2.229223,-4.4048305
2.2302232,-4.407635
2.231223,-4.407635
2.2322233,-4.4098754
2.2332234,-4.4098754
2.2342236,-4.412419
2.2352235,-4.412419
2.2362237,-4.4148927
2.2372239,-4.4148927
2.2382238,-4.41783
2.239224,-4.41783
2.2402241,-4.420126
2.2412243,-4.4229436
2.2422242,-4.4229436
2.2432244,-4.425082
2.2442245,-4.425082
2.2452247,-4.427521
2.2462246,-4.427521
2.2472248,-4.430096
2.248225,-4.430096
2.249225,-4.4330287
2.250225,-4.4330287
2.2512252,-4.436049
2.2522254,-4.436049
2.2532253,-4.4382415
2.2542255,-4.4382415
2.2552257,-4.440949
2.2562258,-4.440949
2.2572258,-4.443334
2.258226,-4.443334
2.259226,-4.445831
2.260226,-4.445831
2.2612262,-4.4484916
2.2622263,-4.4484916
2.2632265,-4.450916
2.2642264,-4.450916
2.2652266,-4.453179
2.2662268,-4.453179
2.2672267,-4.455914
2.2682269,-4.455914
2.269227,-4.4583316
2.2702272,-4.4583316
2.2712271,-4.460988
2.2722273,-4.460988
2.2732275,-4.4636226
2.2742276,-4.4636226
2.2752275,-4.4663773
2.2762277,-4.4663773
2.2772279,-4.468928
2.2782278,-4.468928
2.279228,-4.4713097
2.2802281,-4.4713097
2.2812283,-4.473734
2.2822282,-4.4763217
2.2832284,-4.4763217
2.2842286,-4.479079
2.2852287,-4.479079
2.2862287,-4.481478
2.2872288,-4.481478
2.288229,-4.483752
2.289229,-4.483752
2.290229,-4.486185
2.2912292,-4.486185
2.2922294,-4.48871
2.2932293,-4.48871
2.2942295,-4.491214
2.2952297,-4.491214
2.2962296,-4.493967
2.2972298,-4.493967
2.29823,-4.496864
2.29923,-4.496864
2.30023,-4.499103
2.3012302,-4.499103
2.3022304,-4.5015907
2.3032305,-4.5015907
2.3042305,-4.504302
2.3052306,-4.504302
2.3062308,-4.5063443
2.3072307,-4.5063443
2.3082309,-4.5091624
2.309231,-4.5091624
2.3102312,-4.5114512
2.3112311,-4.5114512
2.3122313,-4.5138984
2.3132315,-4.5138984
2.3142314,-4.516104
2.3152316,-4.516104
2.3162317,-4.518825
2.317232,-4.518825
2.3182318,-4.521481
2.319232,-4.521481
2.3202322,-4.524054
2.3212323,-4.524054
2.3222322,-4.526748
2.3232324,-4.526748
2.3242326,-4.529032
2.3252325,-4.531811
2.3262327,-4.531811
2.3272328,-4.5340867
2.328233,-4.5340867
2.329233,-4.536403
2.330233,-4.536403
2.3312333,-4.538793
2.3322334,-4.538793
2.3332334,-4.5411263
2.3342335,-4.5411263
2.3352337,-4.543426
2.3362336,-4.543426
2.3372338,-4.5464916
2.338234,-4.5464916
2.339234,-4.5487676
2.340234,-4.5487676
2.3412342,-4.551052
2.3422344,-4.551052
2.3432343,-4.5538383
2.3442345,-4.5538383
2.3452346,-4.556247
2.3462348,-4.556247
2.3472347,-4.5591874
2.348235,-4.5591874
2.349235,-4.5612273
2.3502352,-4.5612273
2.3512352,-4.5638094
2.3522353,-4.5638094
2.3532355,-4.566072
2.3542354,-4.566072
2.3552356,-4.5682473
2.3562357,-4.5682473
2.357236,-4.5708413
2.3582358,-4.5708413
2.359236,-4.5732894
2.3602362,-4.5732894
2.361236,-4.5756907
2.3622363,-4.5756907
2.3632364,-4.577869
2.3642366,-4.577869
2.3652365,-4.5809073
2.3662367,-4.5835032
2.3672369,-4.5835032
2.368237,-4.5857306
2.369237,-4.5857306
2.370237,-4.5884967
2.3712373,-4.5884967
2.3722372,-4.590742
2.3732374,-4.590742
2.3742375,-4.5929904
2.3752377,-4.5929904
2.3762376,-4.5953937
2.3772378,-4.5953937
2.378238,-4.597847
2.3792381,-4.597847
2.380238,-4.6002893
2.3812382,-4.6002893
2.3822384,-4.6026907
2.3832383,-4.6026907
2.3842385,-4.6050634
2.3852386,-4.6050634
2.3862388,-4.6072125
2.3872387,-4.6072125
2.388239,-4.6101255
2.389239,-4.6101255
2.390239,-4.612294
2.3912392,-4.612294
2.3922393,-4.615152
2.3932395,-4.615152
2.3942394,-4.617454
2.3952396,-4.617454
2.3962398,-4.619636
2.39724,-4.619636
2.3982399,-4.6220965
2.39924,-4.6220965
2.4002402,-4.6243
2.40124,-4.6243
2.4022403,-4.6270733
2.4032404,-4.6270733
2.4042406,-4.6292996
2.4052405,-4.6292996
2.4062407,-4.6316056
2.4072409,-4.634065
2.408241,-4.634065
2.409241,-4.636335
2.4102411,-4.636335
2.4112413,-4.638757
2.4122412,-4.638757
2.4132414,-4.6415396
2.4142416,-4.6415396
2.4152417,-4.643871
2.4162416,-4.643871
2.4172418,-4.6465254
2.418242,-4.6465254
2.419242,-4.6487417
2.420242,-4.6487417
2.4212422,-4.6508155
2.4222424,-4.6508155
2.4232423,-4.653152
2.4242425,-4.653152
2.4252427,-4.655516
2.4262428,-4.655516
2.4272428,-4.6581187
2.428243,-4.6581187
2.429243,-4.660218
2.430243,-4.660218
2.4312432,-4.6626053
2.4322433,-4.6626053
2.4332435,-4.6654696
2.4342434,-4.6654696
2.4352436,-4.668018
2.4362438,-4.668018
2.4372437,-4.670421
2.4382439,-4.670421
2.439244,-4.672628
2.4402442,-4.672628
2.4412441,-4.6748514
2.4422443,-4.6748514
2.4432445,-4.6772313
2.4442446,-4.6772313
2.4452446,-4.6797004
2.4462447,-4.6797004
2.447245,-4.682091
2.4482448,-4.6843534
2.449245,-4.6843534
2.4502451,-4.6867695
2.4512453,-4.6867695
2.4522452,-4.688745
2.4532454,-4.688745
2.4542456,-4.6911235
2.4552457,-4.6911235
2.4562457,-4.6941466
2.4572458,-4.6941466
2.458246,-4.6965528
2.459246,-4.6965528
2.460246,-4.698588
2.4612463,-4.698588
2.4622464,-4.700801
2.4632463,-4.700801
2.4642465,-4.7027836
2.4652467,-4.7027836
2.4662466,-4.705579
2.4672468,-4.705579
2.468247,-4.708133
2.469247,-4.708133
2.470247,-4.710276
2.4712472,-4.710276
2.4722474,-4.7126646
2.4732475,-4.7126646
2.4742475,-4.7146797
2.4752476,-4.7146797
2.4762478,-4.7168674
2.4772477,-4.7168674
2.478248,-4.719272
2.479248,-4.719272
2.4802482,-4.7221646
2.4812481,-4.7221646
2.4822483,-4.7245026
2.4832485,-4.7245026
2.4842486,-4.726625
2.4852486,-4.726625
2.4862487,-4.728946
2.487249,-4.728946
2.4882488,-4.7312827
2.489249,-4.7312827
2.4902492,-4.7340364
2.4912493,-4.736193
2.4922493,-4.736193
2.4932494,-4.738384
2.4942496,-4.738384
2.4952495,-4.7405972
2.4962497,-4.7405972
2.4972498,-4.7428756
2.49825,-4.7428756
2.49925,-4.745288
2.50025,-4.745288
2.5012503,-4.748025
2.5022504,-4.748025
2.5032504,-4.7503514
2.5042505,-4.7503514
2.5052507,-4.752265
2.5062506,-4.752265
2.5072508,-4.7547183
2.508251,-4.7547183
2.509251,-4.756797
2.510251,-4.756797
2.5112512,-4.759242
2.5122514,-4.759242
2.5132513,-4.7614245
2.5142515,-4.7614245
2.5152516,-4.764097
2.5162518,-4.764097
2.5172517,-4.766392
2.518252,-4.766392
2.519252,-4.768553
2.5202522,-4.768553
2.5212522,-4.7705755
2.5222523,-4.7705755
2.5232525,-4.773089
2.5242524,-4.773089
2.5252526,-4.775851
2.5262527,-4.775851
2.527253,-4.778358
2.5282528,-4.778358
2.529253,-4.780151
2.5302532,-4.780151
2.5312533,-4.782335
2.5322533,-4.784566
2.5332534,-4.784566
2.5342536,-4.786826
2.5352535,-4.786826
2.5362537,-4.7892714
2.5372539,-4.7892714
2.538254,-4.7914686
2.539254,-4.7914686
2.540254,-4.7936945
2.5412543,-4.7936945
2.5422542,-4.7961416
2.5432544,-4.7961416
2.5442545,-4.7985296
2.5452547,-4.7985296
2.5462546,-4.8009152
2.5472548,-4.8009152
2.548255,-4.80322
2.5492551,-4.80322
2.550255,-4.8054643
2.5512552,-4.8054643
2.5522554,-4.807582
2.5532553,-4.807582
2.5542555,-4.8100095
2.5552557,-4.8100095
2.5562558,-4.8121276
2.5572557,-4.8121276
2.558256,-4.8145204
2.559256,-4.8145204
2.560256,-4.816701
2.5612562,-4.816701
2.5622563,-4.819247
2.5632565,-4.819247
2.5642564,-4.821336
2.5652566,-4.821336
2.5662568,-4.8235555
2.567257,-4.8235555
2.5682569,-4.825955
2.569257,-4.825955
2.5702572,-4.828381
2.571257,-4.828381
2.5722573,-4.8307104
2.5732574,-4.832656
2.5742576,-4.832656
2.5752575,-4.834696
2.5762577,-4.834696
2.5772579,-4.837489
2.578258,-4.837489
2.579258,-4.8396816
2.5802581,-4.8396816
2.5812583,-4.8418107
2.5822582,-4.8418107
2.5832584,-4.843807
2.5842586,-4.843807
2.5852587,-4.845921
2.5862586,-4.845921
2.5872588,-4.848453
2.588259,-4.848453
2.589259,-4.851112
2.590259,-4.851112
2.5912592,-4.852807
2.5922594,-4.852807
2.5932593,-4.855537
2.5942595,-4.855537
2.5952597,-4.8577223
2.5962598,-4.8577223
2.5972598,-4.8601394
2.59826,-4.8601394
2.59926,-4.862454
2.60026,-4.862454
2.6012602,-4.864445
2.6022604,-4.864445
2.6032605,-4.866582
2.6042604,-4.866582
2.6052606,-4.8685756
2.6062608,-4.8685756
2.607261,-4.871077
2.6082609,-4.871077
2.609261,-4.8729835
2.6102612,-4.8729835
2.6112611,-4.875514
2.6122613,-4.875514
2.6132615,-4.877896
2.6142616,-4.880279
2.6152616,-4.880279
2.6162617,-4.8825603
2.617262,-4.8825603
2.6182618,-4.8844867
2.619262,-4.8844867
2.6202621,-4.8870826
2.6212623,-4.8870826
2.6222622,-4.889156
2.6232624,-4.889156
2.6242626,-4.8914475
2.6252627,-4.8914475
2.6262627,-4.893425
2.6272628,-4.893425
2.628263,-4.8955255
2.629263,-4.8955255
2.630263,-4.897721
2.6312633,-4.897721
2.6322634,-4.900213
2.6332633,-4.900213
2.6342635,-4.9025216
2.6352637,-4.9025216
2.6362636,-4.904473
2.6372638,-4.904473
2.638264,-4.9071374
2.639264,-4.9071374
2.640264,-4.909243
2.6412642,-4.909243
2.6422644,-4.911466
2.6432645,-4.911466
2.6442645,-4.91353
2.6452646,-4.91353
2.6462648,-4.9155645
2.6472647,-4.9155645
2.648265,-4.918142
2.649265,-4.918142
2.6502652,-4.920164
2.6512651,-4.920164
2.6522653,-4.9220915
2.6532655,-4.9220915
2.6542656,-4.9242315
2.6552656,-4.9242315
2.6562657,-4.9264927
2.657266,-4.9287663
2.6582658,-4.9287663
2.659266,-4.931093
2.6602662,-4.931093
2.6612663,-4.933927
2.6622663,-4.933927
2.6632664,-4.935841
2.6642666,-4.935841
2.6652665,-4.938105
2.6662667,-4.938105
2.6672668,-4.9404655
2.668267,-4.9404655
2.669267,-4.942326
2.670267,-4.942326
2.6712673,-4.944291
2.6722674,-4.944291
2.6732674,-4.946372
2.6742675,-4.946372
2.6752677,-4.949086
2.6762676,-4.949086
2.6772678,-4.951176
2.678268,-4.951176
2.6792681,-4.9534545
2.680268,-4.9534545
2.6812682,-4.9551916
2.6822684,-4.9551916
2.6832685,-4.9580994
2.6842685,-4.9580994
2.6852686,-4.960006
2.6862688,-4.960006
2.6872687,-4.962502
2.688269,-4.962502
2.689269,-4.9643044
2.6902692,-4.9643044
2.6912692,-4.966377
2.6922693,-4.966377
2.6932695,-4.9686613
2.6942694,-4.9686613
2.6952696,-4.970692
2.6962698,-4.970692
2.69727,-4.973319
2.6982698,-4.975063
2.69927,-4.975063
2.7002702,-4.9770265
2.7012703,-4.9770265
2.7022703,-4.979205
2.7032704,-4.979205
2.7042706,-4.98144
2.7052705,-4.98144
2.7062707,-4.984077
2.7072709,-4.984077
2.708271,-4.9865313
2.709271,-4.9865313
2.7102711,-4.9887033
2.7112713,-4.9887033
2.7122712,-4.990685
2.7132714,-4.990685
2.7142715,-4.9926276
2.7152717,-4.9926276
2.7162716,-4.9947543
2.7172718,-4.9947543
2.718272,-4.996796
2.7192721,-4.996796
2.720272,-4.999324
2.7212722,-4.999324
2.7222724,-5.0013475
2.7232723,-5.0013475
2.7242725,-5.003222
2.7252727,-5.003222
2.7262728,-5.0051236
2.7272727,-5.0051236
2.728273,-5.007481
2.729273,-5.007481
2.7302732,-5.0104685
2.7312732,-5.0104685
2.7322733,-5.0127845
2.7332735,-5.0127845
2.7342734,-5.0145383
2.7352736,-5.0145383
2.7362738,-5.0163465
2.737274,-5.0163465
2.7382739,-5.018666
2.739274,-5.0206122
2.7402742,-5.0206122
2.741274,-5.0228715
2.7422743,-5.0228715
2.7432745,-5.024985
2.7442746,-5.024985
2.7452745,-5.027101
2.7462747,-5.027101
2.7472749,-5.029145
2.748275,-5.029145
2.749275,-5.0314593
2.7502751,-5.0314593
2.7512753,-5.0337386
2.7522752,-5.0337386
2.7532754,-5.035954
2.7542756,-5.035954
2.7552757,-5.038209
2.7562757,-5.038209
2.7572758,-5.040656
2.758276,-5.040656
2.7592762,-5.0422025
2.760276,-5.0422025
2.7612762,-5.0443482
2.7622764,-5.0443482
2.7632763,-5.046668
2.7642765,-5.046668
2.7652767,-5.0488124
2.7662768,-5.0488124
2.7672768,-5.0509777
2.768277,-5.0509777
2.769277,-5.0529675
2.770277,-5.0529675
2.7712772,-5.0548387
2.7722774,-5.0548387
2.7732775,-5.0570245
2.7742774,-5.0570245
2.7752776,-5.059606
2.7762778,-5.059606
2.777278,-5.0620546
2.7782779,-5.0620546
2.779278,-5.0639677
2.7802782,-5.0661545
2.7812781,-5.0661545
2.7822783,-5.0681844
2.7832785,-5.0681844
2.7842786,-5.07058
2.7852786,-5.07058
2.7862787,-5.0721946
2.787279,-5.0721946
2.7882788,-5.074224
2.789279,-5.074224
2.7902792,-5.07646
2.7912793,-5.07646
2.7922792,-5.078415
2.7932794,-5.078415
2.7942796,-5.0804343
2.7952797,-5.0804343
2.7962797,-5.0827074
2.7972798,-5.0827074
2.79828,-5.085238
2.79928,-5.085238
2.80028,-5.0872703
2.8012803,-5.0872703
2.8022804,-5.089379
2.8032804,-5.089379
2.8042805,-5.09142
2.8052807,-5.09142
2.8062809,-5.0935607
2.8072808,-5.0935607
2.808281,-5.0956764
2.809281,-5.0956764
2.810281,-5.097956
2.8112812,-5.097956
2.8122814,-5.100002
2.8132815,-5.100002
2.8142815,-5.101826
2.8152816,-5.101826
2.8162818,-5.1037974
2.8172817,-5.1037974
2.818282,-5.1062093
2.819282,-5.1062093
2.8202822,-5.108582
2.8212821,-5.108582
2.8222823,-5.11027
2.8232825,-5.1126113
2.8242826,-5.1126113
2.8252826,-5.1146965
2.8262827,-5.1146965
2.827283,-5.1170497
2.8282828,-5.1170497
2.829283,-5.119091
2.8302832,-5.119091
2.8312833,-5.1210823
2.8322833,-5.1210823
2.8332834,-5.1230044
2.8342836,-5.1230044
2.8352835,-5.125092
2.8362837,-5.125092
2.8372838,-5.127266
2.838284,-5.127266
2.839284,-5.1294703
2.840284,-5.1294703
2.8412843,-5.1312656
2.8422844,-5.1312656
2.8432844,-5.1338363
2.8442845,-5.1338363
2.8452847,-5.135902
2.8462846,-5.135902
2.8472848,-5.1378884
2.848285,-5.1378884
2.8492851,-5.13961
2.850285,-5.13961
2.8512852,-5.142303
2.8522854,-5.142303
2.8532856,-5.144302
2.8542855,-5.144302
2.8552856,-5.146253
2.8562858,-5.146253
2.8572857,-5.14805
2.858286,-5.14805
2.859286,-5.1501403
2.8602862,-5.1501403
2.8612862,-5.1524634
2.8622863,-5.1524634
2.8632865,-5.1543746
2.8642864,-5.1568446
2.8652866,-5.1568446
2.8662868,-5.158875
2.867287,-5.158875
2.8682868,-5.1608663
2.869287,-5.1608663
2.8702872,-5.162858
2.8712873,-5.162858
2.8722873,-5.165215
2.8732874,-5.165215
2.8742876,-5.1669354
2.8752875,-5.1669354
2.8762877,-5.169209
2.8772879,-5.169209
2.878288,-5.171244
2.879288,-5.171244
2.8802881,-5.1733313
2.8812883,-5.1733313
2.8822885,-5.1752844
2.8832884,-5.1752844
2.8842885,-5.1773047
2.8852887,-5.1773047
2.8862886,-5.1791954
2.8872888,-5.1791954
2.888289,-5.18183
2.8892891,-5.18183
2.890289,-5.1838655
2.8912892,-5.1838655
2.8922894,-5.185879
2.8932893,-5.185879
2.8942895,-5.1879234
2.8952897,-5.1879234
2.8962898,-5.1900244
2.8972898,-5.1900244
2.89829,-5.192076
2.89929,-5.192076
2.9002903,-5.1941466
2.9012902,-5.1941466
2.9022903,-5.1959887
2.9032905,-5.1959887
2.9042904,-5.198136
2.9052906,-5.200292
2.9062908,-5.200292
2.907291,-5.202386
2.9082909,-5.202386
2.909291,-5.204271
2.9102912,-5.204271
2.9112911,-5.206576
2.9122913,-5.206576
2.9132915,-5.208388
2.9142916,-5.208388
2.9152915,-5.2107797
2.9162917,-5.2107797
2.9172919,-5.2128854
2.918292,-5.2128854
2.919292,-5.214698
2.9202921,-5.214698
2.9212923,-5.216552
2.9222922,-5.216552
2.9232924,-5.218675
2.9242926,-5.218675
2.9252927,-5.2206883
2.9262927,-5.2206883
2.9272928,-5.2231603
2.928293,-5.2231603
2.9292932,-5.224844
2.930293,-5.224844
2.9312932,-5.227022
2.9322934,-5.227022
2.9332933,-5.2293525
2.9342935,-5.2293525
2.9352937,-5.2311974
2.9362938,-5.2311974
2.9372938,-5.233207
2.938294,-5.233207
2.939294,-5.2353616
2.940294,-5.2353616
2.9412942,-5.237346
2.9422944,-5.237346
2.9432945,-5.2392488
2.9442945,-5.2392488
2.9452946,-5.241382
2.9462948,-5.2431808
2.947295,-5.2431808
2.9482949,-5.245686
2.949295,-5.245686
2.9502952,-5.247605
2.9512951,-5.247605
2.9522953,-5.2495036
2.9532955,-5.2495036
2.9542956,-5.2514453
2.9552956,-5.2514453
2.9562957,-5.2535872
2.957296,-5.2535872
2.958296,-5.2558784
2.959296,-5.2558784
2.9602962,-5.257994
2.9612963,-5.257994
2.9622962,-5.260209
2.9632964,-5.260209
2.9642966,-5.261666
2.9652967,-5.261666
2.9662967,-5.263912
2.9672968,-5.263912
2.968297,-5.265592
2.969297,-5.265592
2.970297,-5.267989
2.9712973,-5.267989
2.9722974,-5.2699633
2.9732974,-5.2699633
2.9742975,-5.271935
2.9752977,-5.271935
2.9762979,-5.2738333
2.9772978,-5.2738333
2.978298,-5.2759395
2.979298,-5.2759395
2.980298,-5.2783523
2.9812982,-5.2783523
2.9822984,-5.28025
2.9832985,-5.28025
2.9842985,-5.2822976
2.9852986,-5.2822976
2.9862988,-5.284322
2.9872987,-5.284322
2.988299,-5.286545
2.989299,-5.288278
2.9902992,-5.288278
2.9912992,-5.289927
2.9922993,-5.289927
2.9932995,-5.2920356
2.9942997,-5.2920356
2.9952996,-5.2942567
2.9962997,-5.2942567
2.9973,-5.2962823
2.9982998,-5.2962823
2.9993,-5.298016
3.0003002,-5.298016
3.0013003,-5.3005548
3.0023003,-5.3005548
3.0033004,-5.3027606
3.0043006,-5.3027606
3.0053008,-5.304684
3.0063007,-5.304684
3.0073009,-5.306546
3.008301,-5.306546
3.009301,-5.308452
3.010301,-5.308452
3.0113013,-5.310312
3.0123014,-5.310312
3.0133014,-5.312367
3.0143015,-5.312367
3.0153017,-5.314419
3.0163016,-5.314419
3.0173018,-5.316419
3.018302,-5.316419
3.0193021,-5.31829
3.020302,-5.31829
3.0213022,-5.320385
3.0223024,-5.320385
3.0233026,-5.3223205
3.0243025,-5.3223205
3.0253026,-5.3251204
3.0263028,-5.3251204
3.0273027,-5.3268456
3.028303,-5.3268456
3.029303,-5.328758
3.0303032,-5.3306413
3.0313032,-5.3306413
3.0323033,-5.332765
3.0333035,-5.332765
3.0343037,-5.3342776
3.0353036,-5.3342776
3.0363038,-5.336682
3.037304,-5.336682
3.0383039,-5.3385262
3.039304,-5.3385262
3.0403042,-5.3405437
3.0413043,-5.3405437
3.0423043,-5.3424625
3.0433044,-5.3424625
3.0443046,-5.344402
3.0453045,-5.344402
3.0463047,-5.346507
3.0473049,-5.346507
3.048305,-5.34904
3.049305,-5.34904
3.0503051,-5.3509774
3.0513053,-5.3509774
3.0523055,-5.352549
3.0533054,-5.352549
3.0543056,-5.3545895
3.0553057,-5.3545895
3.0563056,-5.3565125
3.0573058,-5.3565125
3.058306,-5.3588796
3.0593061,-5.3588796
3.060306,-5.360835
3.0613062,-5.360835
3.0623064,-5.362372
3.0633063,-5.362372
3.0643065,-5.364222
3.0653067,-5.364222
3.0663068,-5.366342
3.0673068,-5.366342
3.068307,-5.3685846
3.069307,-5.3685846
3.0703073,-5.3709235
3.0713072,-5.3728375
3.0723073,-5.3728375
3.0733075,-5.3746753
3.0743074,-5.3746753
3.0753076,-5.376621
3.0763078,-5.376621
3.077308,-5.3786674
3.0783079,-5.3786674
3.079308,-5.380585
3.0803082,-5.380585
3.0813084,-5.3826165
3.0823083,-5.3826165
3.0833085,-5.3845716
3.0843086,-5.3845716
3.0853086,-5.3863845
3.0863087,-5.3863845
3.087309,-5.388225
3.088309,-5.388225
3.089309,-5.39004
3.0903091,-5.39004
3.0913093,-5.3922954
3.0923092,-5.3922954
3.0933094,-5.3948073
3.0943096,-5.3948073
3.0953097,-5.3967433
3.0963097,-5.3967433
3.0973098,-5.398334
3.09831,-5.398334
3.0993102,-5.4003315
3.10031,-5.4003315
3.1013103,-5.402162
3.1023104,-5.402162
3.1033103,-5.404465
3.1043105,-5.404465
3.1053107,-5.40624
3.1063108,-5.40624
3.1073108,-5.408364
3.108311,-5.408364
3.109311,-5.4100275
3.110311,-5.4100275
3.1113112,-5.4117665
3.1123114,-5.414067
3.1133115,-5.414067
3.1143115,-5.4161763
3.1153116,-5.4161763
3.1163118,-5.4183946
3.117312,-5.4183946
3.118312,-5.4203343
3.119312,-5.4203343
3.1203122,-5.422272
3.1213121,-5.422272
3.1223123,-5.4241934
3.1233125,-5.4241934
3.1243126,-5.426102
3.1253126,-5.426102
3.1263127,-5.4281335
3.127313,-5.4281335
3.128313,-5.429923
3.129313,-5.429923
3.1303132,-5.4317894
3.1313133,-5.4317894
3.1323133,-5.4333653
3.1333134,-5.4333653
3.1343136,-5.4358225
3.1353137,-5.4358225
3.1363137,-5.437481
3.1373138,-5.437481
3.138314,-5.440074
3.139314,-5.440074
3.140314,-5.442251
3.1413143,-5.442251
3.1423144,-5.443773
3.1433144,-5.443773
3.1443145,-5.4455113
3.1453147,-5.4455113
3.1463149,-5.447728
3.1473148,-5.447728
3.148315,-5.4498267
3.149315,-5.4498267
3.150315,-5.4515333
3.1513152,-5.4515333
3.1523154,-5.4534616
3.1533155,-5.4534616
3.1543155,-5.4552217
3.1553156,-5.4570637
3.1563158,-5.4570637
3.157316,-5.4594603
3.158316,-5.4594603
3.159316,-5.4609747
3.1603162,-5.4609747
3.1613162,-5.463383
3.1623163,-5.463383
3.1633165,-5.4653144
3.1643167,-5.4653144
3.1653166,-5.467361
3.1663167,-5.467361
3.167317,-5.4693675
3.1683168,-5.4693675
3.169317,-5.471071
3.1703172,-5.471071
3.1713173,-5.473065
3.1723173,-5.473065
3.1733174,-5.474875
3.1743176,-5.474875
3.1753178,-5.4770017
3.1763177,-5.4770017
3.1773179,-5.478622
3.178318,-5.478622
3.179318,-5.4808526
3.180318,-5.4808526
3.1813183,-5.4824824
3.1823184,-5.4824824
3.1833184,-5.4848027
3.1843185,-5.4848027
3.1853187,-5.4866033
3.1863186,-5.4866033
3.1873188,-5.488493
3.188319,-5.488493
3.1893191,-5.4910502
3.190319,-5.4910502
3.1913192,-5.4928145
3.1923194,-5.4928145
3.1933196,-5.4948535
3.1943195,-5.4948535
3.1953197,-5.496365
3.1963198,-5.498305
3.1973197,-5.498305
3.19832,-5.500139
3.19932,-5.500139
3.2003202,-5.5022397
3.2013202,-5.5022397
3.2023203,-5.5043187
3.2033205,-5.5043187
3.2043207,-5.5057416
3.2053206,-5.5057416
3.2063208,-5.5082173
3.207321,-5.5082173
3.2083209,-5.5099416
3.209321,-5.5099416
3.2103212,-5.512135
3.2113214,-5.512135
3.2123213,-5.5139923
3.2133214,-5.5139923
3.2143216,-5.5156837
3.2153215,-5.5156837
3.2163217,-5.5178156
3.2173219,-5.5178156
3.218322,-5.5196495
3.219322,-5.5196495
3.2203221,-5.521566
3.2213223,-5.521566
3.2223225,-5.5235043
3.2233224,-5.5235043
3.2243226,-5.5253263
3.2253227,-5.5253263
3.2263227,-5.5270524
3.2273228,-5.5270524
3.228323,-5.5290203
3.2293231,-5.5290203
3.230323,-5.531222
3.2313232,-5.531222
3.2323234,-5.5330124
3.2333236,-5.5330124
3.2343235,-5.535112
3.2353237,-5.535112
3.2363238,-5.53696
3.2373238,-5.539039
3.238324,-5.539039
3.239324,-5.540798
3.2403243,-5.540798
3.2413242,-5.542581
3.2423244,-5.542581
3.2433245,-5.544914
3.2443244,-5.544914
3.2453246,-5.5466127
3.2463248,-5.5466127
3.247325,-5.548265
3.2483249,-5.548265
3.249325,-5.5501103
3.2503252,-5.5501103
3.2513254,-5.552362
3.2523253,-5.552362
3.2533255,-5.5542326
3.2543256,-5.5542326
3.2553256,-5.5564923
3.2563257,-5.5564923
3.257326,-5.5582194
3.258326,-5.5582194
3.259326,-5.560089
3.2603261,-5.560089
3.2613263,-5.5621395
3.2623262,-5.5621395
3.2633264,-5.563824
3.2643266,-5.563824
3.2653267,-5.565664
3.2663267,-5.565664
3.2673268,-5.5677333
3.268327,-5.5677333
3.2693272,-5.5696583
3.270327,-5.5696583
3.2713273,-5.5713863
3.2723274,-5.5713863
3.2733274,-5.5731697
3.2743275,-5.5731697
3.2753277,-5.575218
3.2763278,-5.575218
3.2773278,-5.5775075
3.278328,-5.579295
3.279328,-5.579295
3.2803283,-5.581227
3.2813282,-5.581227
3.2823284,-5.5827565
3.2833285,-5.5827565
3.2843285,-5.5847893
3.2853286,-5.5847893
3.2863288,-5.586906
3.287329,-5.586906
3.288329,-5.5888543
3.289329,-5.5888543
3.2903292,-5.5909333
3.2913291,-5.5909333
3.2923293,-5.592254
3.2933295,-5.592254
3.2943296,-5.594071
3.2953296,-5.594071
3.2963297,-5.596201
3.29733,-5.596201
3.29833,-5.5987353
3.29933,-5.5987353
3.3003302,-5.6003346
3.3013303,-5.6003346
3.3023303,-5.602067
3.3033304,-5.602067
3.3043306,-5.603982
3.3053308,-5.603982
3.3063307,-5.6057696
3.3073308,-5.6057696
3.308331,-5.607586
3.3093312,-5.607586
3.310331,-5.6098256
3.3113313,-5.6098256
3.3123314,-5.611568
3.3133314,-5.611568
3.3143315,-5.613398
3.3153317,-5.613398
3.3163319,-5.615352
3.3173318,-5.615352
3.318332,-5.6170926
3.3193321,-5.6170926
3.320332,-5.6195245
3.3213322,-5.621169
3.3223324,-5.621169
3.3233325,-5.6232123
3.3243325,-5.6232123
3.3253326,-5.625109
3.3263328,-5.625109
3.327333,-5.626759
3.328333,-5.626759
3.329333,-5.6284347
3.3303332,-5.6284347
3.3313332,-5.630419
3.3323333,-5.630419
3.3333335,-5.6324964
3.3343337,-5.6324964
3.3353336,-5.6344137
3.3363338,-5.6344137
3.337334,-5.6362185
3.3383338,-5.6362185
3.339334,-5.638043
3.3403342,-5.638043
3.3413343,-5.6396775
3.3423343,-5.6396775
3.3433344,-5.6422963
3.3443346,-5.6422963
3.3453348,-5.6439576
3.3463347,-5.6439576
3.3473349,-5.645781
3.348335,-5.645781
3.349335,-5.6476235
3.3503351,-5.6476235
3.3513353,-5.649342
3.3523355,-5.649342
3.3533354,-5.651423
3.3543355,-5.651423
3.3553357,-5.6527934
3.3563359,-5.6527934
3.3573358,-5.6553288
3.358336,-5.6553288
3.3593361,-5.6573215
3.360336,-5.6573215
3.3613362,-5.6587815
3.3623364,-5.6606736
3.3633366,-5.6606736
3.3643365,-5.662624
3.3653367,-5.662624
3.3663368,-5.664761
3.3673368,-5.664761
3.368337,-5.666292
3.369337,-5.666292
3.3703372,-5.668424
3.3713372,-5.668424
3.3723373,-5.670238
3.3733375,-5.670238
3.3743377,-5.671655
3.3753376,-5.671655
3.3763378,-5.673922
3.377338,-5.673922
3.3783379,-5.675591
3.379338,-5.675591
3.3803382,-5.677413
3.3813384,-5.677413
3.3823383,-5.6796036
3.3833385,-5.6796036
3.3843386,-5.6810136
3.3853385,-5.6810136
3.3863387,-5.6833653
3.3873389,-5.6833653
3.388339,-5.6852436
3.389339,-5.6852436
3.3903391,-5.687104
3.3913393,-5.687104
3.3923395,-5.6893
3.3933394,-5.6893
3.3943396,-5.6907287
3.3953397,-5.6907287
3.3963397,-5.692929
3.3973398,-5.692929
3.39834,-5.694301
3.3993402,-5.694301
3.40034,-5.696318
3.4013402,-5.696318
3.4023404,-5.698411
3.4033406,-5.699906
3.4043405,-5.699906
3.4053407,-5.702411
3.4063408,-5.702411
3.4073408,-5.7036624
3.408341,-5.7036624
3.409341,-5.7058196
3.4103413,-5.7058196
3.4113412,-5.707537
3.4123414,-5.707537
3.4133415,-5.7095904
3.4143414,-5.7095904
3.4153416,-5.7117786
3.4163418,-5.7117786
3.417342,-5.7131248
3.4183419,-5.7131248
3.419342,-5.71532
3.4203422,-5.71532
3.4213424,-5.71674
3.4223423,-5.71674
3.4233425,-5.718898
3.4243426,-5.718898
3.4253426,-5.720492
3.4263427,-5.720492
3.427343,-5.7222986
3.428343,-5.7222986
3.429343,-5.7245765
3.4303432,-5.7245765
3.4313433,-5.7261815
3.4323435,-5.7261815
3.4333434,-5.7287707
3.4343436,-5.7287707
3.4353437,-5.730352
3.4363437,-5.730352
3.4373438,-5.731939
3.438344,-5.731939
3.4393442,-5.73392
3.440344,-5.73392
3.4413443,-5.7356415
3.4423444,-5.7356415
3.4433444,-5.7373753
3.4443445,-5.7390814
3.4453447,-5.7390814
3.4463449,-5.741051
3.4473448,-5.741051
3.448345,-5.743178
3.449345,-5.743178
3.4503453,-5.744675
3.4513452,-5.744675
3.4523454,-5.7464976
3.4533455,-5.7464976
3.4543455,-5.748182
3.4553456,-5.748182
3.4563458,-5.7507195
3.457346,-5.7507195
3.458346,-5.7527776
3.459346,-5.7527776
3.4603462,-5.7541404
3.4613461,-5.7541404
3.4623463,-5.756367
3.4633465,-5.756367
3.4643466,-5.757836
3.4653466,-5.757836
3.4663467,-5.7598586
3.467347,-5.7598586
3.468347,-5.7618203
3.469347,-5.7618203
3.4703472,-5.7631583
3.4713473,-5.7631583
3.4723473,-5.765356
3.4733474,-5.765356
3.4743476,-5.766839
3.4753478,-5.766839
3.4763477,-5.7688823
3.4773479,-5.7688823
3.478348,-5.770325
3.4793482,-5.770325
3.480348,-5.7728744
3.4813483,-5.7728744
3.4823484,-5.7750497
3.4833484,-5.7750497
3.4843485,-5.776365
3.4853487,-5.776365
3.4863489,-5.778631
3.4873488,-5.779803
3.488349,-5.779803
3.4893491,-5.781905
3.490349,-5.781905
3.4913492,-5.7839923
3.4923494,-5.7839923
3.4933496,-5.785499
3.4943495,-5.785499
3.4953496,-5.787395
3.4963498,-5.787395
3.49735,-5.7887397
3.49835,-5.7887397
3.49935,-5.7909493
3.5003502,-5.7909493
3.5013502,-5.793691
3.5023503,-5.793691
3.5033505,-5.7953095
3.5043507,-5.7953095
3.5053506,-5.7969766
3.5063508,-5.7969766
3.507351,-5.798489
3.508351,-5.798489
3.509351,-5.800593
3.5103512,-5.800593
3.5113513,-5.802491
3.5123513,-5.802491
3.5133514,-5.8038697
3.5143516,-5.8038697
3.5153518,-5.8061547
3.5163517,-5.8061547
3.5173519,-5.807319
3.518352,-5.807319
3.519352,-5.809532
3.5203521,-5.809532
3.5213523,-5.81095
3.5223525,-5.81095
3.5233524,-5.8127894
3.5243526,-5.8127894
3.5253527,-5.815418
3.526353,-5.815418
3.5273528,-5.816982
3.528353,-5.819123
3.5293531,-5.819123
3.530353,-5.8204856
3.5313532,-5.8204856
3.5323534,-5.8225636
3.5333536,-5.8225636
3.5343535,-5.8246675
3.5353537,-5.8246675
3.5363538,-5.825929
3.5373538,-5.825929
3.538354,-5.828242
3.539354,-5.828242
3.5403543,-5.8292594
3.5413542,-5.8292594
3.5423543,-5.8313804
3.5433545,-5.8313804
3.5443547,-5.83347
3.5453546,-5.83347
3.5463548,-5.8348117
3.547355,-5.8348117
3.5483549,-5.837613
3.549355,-5.837613
3.5503552,-5.838904
3.5513554,-5.838904
3.5523553,-5.841082
3.5533555,-5.841082
3.5543556,-5.84252
3.5553558,-5.84252
3.5563557,-5.84454
3.5573559,-5.84454
3.558356,-5.846268
3.559356,-5.846268
3.5603561,-5.847731
3.5613563,-5.847731
3.5623565,-5.850016
3.5633564,-5.850016
3.5643566,-5.851409
3.5653567,-5.851409
3.5663567,-5.853571
3.5673568,-5.853571
3.568357,-5.8552623
3.5693572,-5.8574657
3.570357,-5.8574657
3.5713573,-5.8590846
3.5723574,-5.8590846
3.5733576,-5.8611627
3.5743575,-5.8611627
3.5753577,-5.8625774
3.5763578,-5.8625774
3.5773578,-5.8649187
3.578358,-5.8649187
3.579358,-5.866092
3.5803583,-5.866092
3.5813582,-5.8683224
3.5823584,-5.8683224
3.5833585,-5.869818
3.5843587,-5.869818
3.5853586,-5.8716183
3.5863588,-5.8716183
3.587359,-5.873361
3.5883589,-5.873361
3.589359,-5.8751855
3.5903592,-5.8751855
3.5913594,-5.8773646
3.5923593,-5.8773646
3.5933595,-5.8790965
3.5943596,-5.8790965
3.5953596,-5.8809814
3.5963597,-5.8809814
3.59736,-5.8826838
3.59836,-5.8826838
3.59936,-5.8845677
3.6003602,-5.8845677
3.6013603,-5.8866315
3.6023605,-5.8866315
3.6033604,-5.888164
3.6043606,-5.888164
3.6053607,-5.889774
3.6063607,-5.889774
3.6073608,-5.8915296
3.608361,-5.8915296
3.6093612,-5.8933225
3.610361,-5.8952765
3.6113613,-5.8952765
3.6123614,-5.8969913
3.6133614,-5.8969913
3.6143615,-5.899221
3.6153617,-5.899221
3.6163619,-5.9011207
3.6173618,-5.9011207
3.618362,-5.9027114
3.619362,-5.9027114
3.6203623,-5.9049196
3.6213622,-5.9049196
3.6223624,-5.905989
3.6233625,-5.905989
3.6243625,-5.9083343
3.6253626,-5.9083343
3.6263628,-5.9094763
3.627363,-5.9094763
3.628363,-5.9118657
3.629363,-5.9118657
3.6303632,-5.9129357
3.6313634,-5.9129357
3.6323633,-5.9152946
3.6333635,-5.9152946
3.6343637,-5.9174094
3.6353636,-5.9174094
3.6363637,-5.9186187
3.637364,-5.9186187
3.638364,-5.9209476
3.639364,-5.9209476
3.6403642,-5.9223127
3.6413643,-5.9223127
3.6423643,-5.9246516
3.6433644,-5.9246516
3.6443646,-5.92646
3.6453648,-5.92646
3.6463647,-5.9281015
3.6473649,-5.9281015
3.648365,-5.929643
3.6493652,-5.929643
3.650365,-5.931337
3.6513653,-5.931337
3.6523654,-5.9332857
3.6533654,-5.93544
3.6543655,-5.93544
3.6553657,-5.936604
3.6563659,-5.936604
3.6573658,-5.938693
3.658366,-5.938693
3.6593661,-5.940485
3.660366,-5.940485
3.6613662,-5.9427505
3.6623664,-5.9427505
3.6633666,-5.944233
3.6643665,-5.944233
3.6653666,-5.9460244
3.6663668,-5.9460244
3.667367,-5.94811
3.668367,-5.94811
3.669367,-5.949345
3.6703672,-5.949345
3.6713672,-5.951849
3.6723673,-5.951849
3.6733675,-5.952477
3.6743677,-5.952477
3.6753676,-5.955069
3.6763678,-5.955069
3.677368,-5.9564705
3.678368,-5.9564705
3.679368,-5.958304
3.6803682,-5.958304
3.6813684,-5.960051
3.6823683,-5.960051
3.6833684,-5.9621596
3.6843686,-5.9621596
3.6853688,-5.964448
3.6863687,-5.964448
3.6873689,-5.9660935
3.688369,-5.9660935
3.689369,-5.967836
3.6903691,-5.967836
3.6913693,-5.969112
3.6923695,-5.969112
3.6933694,-5.9709883
3.6943696,-5.9730167
3.6953697,-5.9730167
3.69637,-5.9750967
3.6973698,-5.9750967
3.69837,-5.9764876
3.6993701,-5.9764876
3.70037,-5.9781885
3.7013702,-5.9781885
3.7023704,-5.9796777
3.7033706,-5.9796777
3.7043705,-5.981669
3.7053707,-5.981669
3.7063708,-5.9839077
3.707371,-5.9839077
3.708371,-5.985707
3.709371,-5.985707
3.7103713,-5.9876323
3.7113712,-5.9876323
3.7123713,-5.989125
3.7133715,-5.989125
3.7143717,-5.9911714
3.7153716,-5.9911714
3.7163718,-5.9924207
3.717372,-5.9924207
3.7183719,-5.9943166
3.719372,-5.9943166
3.7203722,-5.9961567
3.7213724,-5.9961567
3.7223723,-5.9980245
3.7233725,-5.9980245
3.7243726,-5.9997926
3.7253728,-5.9997926
3.7263727,-6.0010743
3.727373,-6.0010743
3.728373,-6.002909
3.729373,-6.002909
3.7303731,-6.005095
3.7313733,-6.005095
3.7323735,-6.0071626
3.7333734,-6.0071626
3.7343736,-6.0087924
3.7353737,-6.010716
3.7363737,-6.010716
3.7373738,-6.01191
3.738374,-6.01191
3.7393742,-6.0140004
3.740374,-6.0140004
3.7413743,-6.0161104
3.7423744,-6.0161104
3.7433746,-6.018223
3.7443745,-6.018223
3.7453747,-6.0193305
3.7463748,-6.0193305
3.7473748,-6.0213885
3.748375,-6.0213885
3.749375,-6.0229344
3.7503753,-6.0229344
3.7513752,-6.0246167
3.7523754,-6.0246167
3.7533755,-6.026798
3.7543757,-6.026798
3.7553756,-6.0278106
3.7563758,-6.0278106
3.757376,-6.03056
3.758376,-6.03056
3.759376,-6.0311775
3.7603762,-6.0311775
3.7613764,-6.0340147
3.7623763,-6.0340147
3.7633765,-6.0361795
3.7643766,-6.0361795
3.7653766,-6.037254
3.7663767,-6.037254
3.767377,-6.0395727
3.768377,-6.0395727
3.769377,-6.0406017
3.7703772,-6.0406017
3.7713773,-6.042731
3.7723775,-6.042731
3.7733774,-6.043876
3.7743776,-6.043876
3.7753778,-6.0461216
3.7763777,-6.0479693
3.7773778,-6.0479693
3.778378,-6.0498843
3.7793782,-6.0498843
3.780378,-6.051163
3.7813783,-6.051163
3.7823784,-6.053266
3.7833786,-6.053266
3.7843785,-6.054305
3.7853787,-6.054305
3.7863789,-6.0571313
3.7873788,-6.0571313
3.788379,-6.058591
3.7893791,-6.058591
3.7903793,-6.0605106
3.7913792,-6.0605106
3.7923794,-6.0621867
3.7933795,-6.0621867
3.7943795,-6.0639396
3.7953796,-6.0639396
3.7963798,-6.0660615
3.79738,-6.0660615
3.79838,-6.0670342
3.79938,-6.0670342
3.8003802,-6.0690894
3.8013804,-6.0690894
3.8023803,-6.0706534
3.8033805,-6.0706534
3.8043807,-6.0733185
3.8053806,-6.0733185
3.8063807,-6.0743027
3.807381,-6.0743027
3.808381,-6.0763307
3.809381,-6.0763307
3.8103812,-6.078472
3.8113813,-6.078472
3.8123813,-6.0798397
3.8133814,-6.0798397
3.8143816,-6.0818157
3.8153818,-6.0818157
3.8163817,-6.0831785
3.8173819,-6.0831785
3.818382,-6.0853453
3.8193822,-6.086908
3.820382,-6.086908
3.8213823,-6.088754
3.8223825,-6.088754
3.8233824,-6.0900245
3.8243825,-6.0900245
3.8253827,-6.0919466
3.8263829,-6.0919466
3.8273828,-6.0933776
3.828383,-6.0933776
3.8293831,-6.0964084
3.8303833,-6.0964084
3.8313832,-6.098085
3.8323834,-6.098085
3.8333836,-6.0993524
3.8343835,-6.0993524
3.8353837,-6.101233
3.8363838,-6.101233
3.837384,-6.1027656
3.838384,-6.1027656
3.839384,-6.1051917
3.8403842,-6.1051917
3.8413842,-6.1059904
3.8423843,-6.1059904
3.8433845,-6.108164
3.8443847,-6.108164
3.8453846,-6.1095943
3.8463848,-6.1095943
3.847385,-6.1116443
3.848385,-6.1116443
3.849385,-6.112945
3.8503852,-6.112945
3.8513854,-6.115189
3.8523853,-6.115189
3.8533854,-6.116626
3.8543856,-6.116626
3.8553858,-6.1186867
3.8563857,-6.1186867
3.8573859,-6.1208673
3.858386,-6.1208673
3.859386,-6.122203
3.8603861,-6.1239915
3.8613863,-6.1239915
3.8623865,-6.1258655
3.8633864,-6.1258655
3.8643866,-6.1275735
3.8653867,-6.1275735
3.866387,-6.1291614
3.8673868,-6.1291614
3.868387,-6.130631
3.8693871,-6.130631
3.870387,-6.13225
3.8713872,-6.13225
3.8723874,-6.1346793
3.8733876,-6.1346793
3.8743875,-6.13593
3.8753877,-6.13593
3.8763878,-6.138431
3.877388,-6.138431
3.878388,-6.139852
3.879388,-6.139852
3.8803883,-6.1414332
3.8813882,-6.1414332
3.8823884,-6.1431527
3.8833885,-6.1431527
3.8843887,-6.1450753
3.8853886,-6.1450753
3.8863888,-6.147058
3.887389,-6.147058
3.8883889,-6.1482263
3.889389,-6.1482263
3.8903892,-6.1503744
3.8913894,-6.1503744
3.8923893,-6.1514926
3.8933895,-6.1514926
3.8943896,-6.15389
3.8953898,-6.15389
3.8963897,-6.155129
3.89739,-6.155129
3.89839,-6.156883
3.89939,-6.156883
3.9003901,-6.159656
3.9013903,-6.160747
3.9023905,-6.160747
3.9033904,-6.162797
3.9043906,-6.162797
3.9053907,-6.1645274
3.906391,-6.1645274
3.9073908,-6.166267
3.908391,-6.166267
3.9093912,-6.167767
3.910391,-6.167767
3.9113913,-6.1696196
3.9123914,-6.1696196
3.9133916,-6.17109
3.9143915,-6.17109
3.9153917,-6.1730857
3.9163918,-6.1730857
3.9173918,-6.174497
3.918392,-6.174497
3.919392,-6.1766696
3.9203923,-6.1766696
3.9213922,-6.177746
3.9223924,-6.177746
3.9233925,-6.1804266
3.9243927,-6.1804266
3.9253926,-6.1818223
3.9263928,-6.1818223
3.927393,-6.183632
3.928393,-6.183632
3.929393,-6.1857324
3.9303932,-6.1857324
3.9313934,-6.186836
3.9323933,-6.186836
3.9333935,-6.189076
3.9343936,-6.189076
3.9353936,-6.190246
3.9363937,-6.190246
3.937394,-6.1923413
3.938394,-6.1923413
3.939394,-6.193799
3.9403942,-6.193799
3.9413943,-6.195555
3.9423945,-6.1971784
3.9433944,-6.1971784
3.9443946,-6.1988435
3.9453948,-6.1988435
3.9463947,-6.2015615
3.9473948,-6.2015615
3.948395,-6.202931
3.9493952,-6.202931
3.950395,-6.2045207
3.9513953,-6.2045207
3.9523954,-6.206499
3.9533956,-6.206499
3.9543955,-6.208036
3.9553957,-6.208036
3.9563959,-6.209828
3.9573958,-6.209828
3.958396,-6.211209
3.9593961,-6.211209
3.9603963,-6.21282
3.9613962,-6.21282
3.9623964,-6.215117
3.9633965,-6.215117
3.9643965,-6.216159
3.9653966,-6.216159
3.9663968,-6.2183566
3.967397,-6.2183566
3.968397,-6.2203126
3.969397,-6.2203126
3.9703972,-6.2216706
3.9713974,-6.2216706
3.9723973,-6.224305
3.9733975,-6.224305
3.9743977,-6.2252674
3.9753976,-6.2252674
3.9763978,-6.227346
3.977398,-6.227346
3.978398,-6.2286363
3.979398,-6.2286363
3.9803982,-6.2307878
3.9813983,-6.2307878
3.9823985,-6.2326336
3.9833984,-6.233825
3.9843986,-6.233825
3.9853988,-6.235609
3.9863987,-6.235609
3.9873989,-6.2370286
3.988399,-6.2370286
3.9893992,-6.2399106
3.9903991,-6.2399106
3.9913993,-6.240752
3.9923995,-6.240752
3.9933994,-6.243071
3.9943995,-6.243071
3.9953997,-6.2448897
3.9963999,-6.2448897
3.9973998,-6.2461305
3.9984,-6.2461305
3.9994001,-6.2481513
4.0004,-6.2481513
4.0014005,-6.2481513
4.0024004,-6.2512245
4.0034003,-6.2512245
4.0044007,-6.2512245
4.0054007,-6.2512245
4.0064006,-6.254355
4.007401,-6.254355
4.008401,-6.254355
4.0094013,-6.254355
4.0104012,-6.25761
4.011401,-6.25761
4.0124016,-6.25761
4.0134015,-6.25761
4.0144014,-6.2624784
4.015402,-6.2624784
4.016402,-6.2624784
4.0174017,-6.2624784
4.018402,-6.265653
4.019402,-6.265653
4.0204024,-6.265653
4.0214024,-6.265653
4.0224023,-6.2690687
4.0234027,-6.2690687
4.0244026,-6.2690687
4.0254025,-6.2723174
4.026403,-6.2723174
4.027403,-6.2723174
4.028403,-6.2723174
4.029403,-6.275331
4.030403,-6.275331
4.031403,-6.275331
4.0324035,-6.275331
4.0334034,-6.278771
4.034404,-6.278771
4.0354037,-6.278771
4.0364037,-6.278771
4.037404,-6.2823906
4.038404,-6.2823906
4.039404,-6.2823906
4.0404043,-6.2823906
4.0414042,-6.28577
4.042404,-6.28577
4.0434046,-6.28577
4.0444045,-6.28577
4.045405,-6.289328
4.046405,-6.289328
4.047405,-6.289328
4.048405,-6.289328
4.049405,-6.2926035
4.050405,-6.2926035
4.0514054,-6.2926035
4.0524054,-6.2926035
4.0534053,-6.2958217
4.0544057,-6.2958217
4.0554056,-6.2958217
4.056406,-6.2958217
4.057406,-6.300653
4.058406,-6.300653
4.0594063,-6.300653
4.060406,-6.300653
4.061406,-6.3038554
4.0624065,-6.3038554
4.0634065,-6.3038554
4.0644064,-6.3038554
4.065407,-6.3067718
4.0664067,-6.3067718
4.067407,-6.3067718
4.068407,-6.3101954
4.069407,-6.3101954
4.0704074,-6.3101954
4.0714073,-6.3101954
4.0724072,-6.31358
4.0734076,-6.31358
4.0744076,-6.31358
4.0754075,-6.31358
4.076408,-6.316914
4.077408,-6.316914
4.078408,-6.316914
4.079408,-6.316914
4.080408,-6.320374
4.0814085,-6.320374
4.0824084,-6.320374
4.0834084,-6.320374
4.0844088,-6.3236957
4.0854087,-6.3236957
4.0864086,-6.3236957
4.087409,-6.3236957
4.088409,-6.3268533
4.089409,-6.3268533
4.0904093,-6.3268533
4.091409,-6.3268533
4.0924096,-6.330671
4.0934095,-6.330671
4.0944095,-6.330671
4.09541,-6.330671
4.09641,-6.333842
4.0974097,-6.333842
4.09841,-6.333842
4.09941,-6.333842
4.10041,-6.337029
4.1014104,-6.337029
4.1024103,-6.337029
4.1034107,-6.337029
4.1044106,-6.341824
4.1054106,-6.341824
4.106411,-6.341824
4.107411,-6.341824
4.108411,-6.3449507
4.1094112,-6.3449507
4.110411,-6.3449507
4.111411,-6.348273
4.1124115,-6.348273
4.1134114,-6.348273
4.114412,-6.348273
4.1154118,-6.3513093
4.1164117,-6.3513093
4.117412,-6.3513093
4.118412,-6.3513093
4.119412,-6.3546653
4.1204123,-6.3546653
4.1214123,-6.3546653
4.122412,-6.3546653
4.1234126,-6.3582797
4.1244125,-6.3582797
4.1254125,-6.3582797
4.126413,-6.3582797
4.127413,-6.361592
4.128413,-6.361592
4.129413,-6.361592
4.130413,-6.361592
4.1314135,-6.364947
4.1324134,-6.364947
4.1334133,-6.364947
4.1344137,-6.364947
4.1354136,-6.3679104
4.1364136,-6.3679104
4.137414,-6.3679104
4.138414,-6.3679104
4.1394143,-6.371602
4.140414,-6.371602
4.141414,-6.371602
4.1424146,-6.371602
4.1434145,-6.374846
4.1444144,-6.374846
4.145415,-6.374846
4.1464148,-6.374846
4.1474147,-6.378333
4.148415,-6.378333
4.149415,-6.378333
4.1504154,-6.3824625
4.1514153,-6.3824625
4.1524153,-6.3824625
4.1534157,-6.3824625
4.1544156,-6.3860393
4.1554155,-6.3860393
4.156416,-6.3860393
4.157416,-6.3860393
4.158416,-6.389026
4.159416,-6.389026
4.160416,-6.389026
4.1614165,-6.389026
4.1624165,-6.3923135
4.1634164,-6.3923135
4.164417,-6.3923135
4.1654167,-6.3923135
4.1664166,-6.3960266
4.167417,-6.3960266
4.168417,-6.3960266
4.169417,-6.3960266
4.1704173,-6.3991313
4.171417,-6.3991313
4.172417,-6.3991313
4.1734176,-6.3991313
4.1744175,-6.4023366
4.175418,-6.4023366
4.176418,-6.4023366
4.1774178,-6.4023366
4.178418,-6.405576
4.179418,-6.405576
4.180418,-6.405576
4.1814184,-6.405576
4.1824183,-6.4088407
4.1834183,-6.4088407
4.1844187,-6.4088407
4.1854186,-6.4088407
4.186419,-6.412227
4.187419,-6.412227
4.188419,-6.412227
4.1894193,-6.412227
4.190419,-6.41612
4.191419,-6.41612
4.1924195,-6.41612
4.1934195,-6.4202676
4.1944194,-6.4202676
4.19542,-6.4202676
4.1964197,-6.4202676
4.19742,-6.423412
4.19842,-6.423412
4.19942,-6.423412
4.2004204,-6.423412
4.2014203,-6.426602
4.20242,-6.426602
4.2034206,-6.426602
4.2044206,-6.426602
4.2054205,-6.429504
4.206421,-6.429504
4.207421,-6.429504
4.208421,-6.429504
4.209421,-6.4335237
4.210421,-6.4335237
4.2114215,-6.4335237
4.2124214,-6.4335237
4.2134213,-6.4367857
4.2144217,-6.4367857
4.2154217,-6.4367857
4.2164216,-6.4367857
4.217422,-6.4399266
4.218422,-6.4399266
4.2194223,-6.4399266
4.2204223,-6.4399266
4.221422,-6.443299
4.2224226,-6.443299
4.2234225,-6.443299
4.2244225,-6.443299
4.225423,-6.4462533
4.226423,-6.4462533
4.2274227,-6.4462533
4.228423,-6.4462533
4.229423,-6.449375
4.230423,-6.449375
4.2314234,-6.449375
4.2324233,-6.4531727
4.2334237,-6.4531727
4.2344236,-6.4531727
4.2354236,-6.4531727
4.236424,-6.456983
4.237424,-6.456983
4.238424,-6.456983
4.239424,-6.456983
4.240424,-6.460868
4.241424,-6.460868
4.2424245,-6.460868
4.2434244,-6.460868
4.244425,-6.464085
4.2454247,-6.464085
4.2464247,-6.464085
4.247425,-6.464085
4.248425,-6.4669757
4.249425,-6.4669757
4.2504253,-6.4669757
4.2514253,-6.4669757
4.252425,-6.4705024
4.2534256,-6.4705024
4.2544255,-6.4705024
4.255426,-6.4705024
4.256426,-6.474198
4.257426,-6.474198
4.258426,-6.474198
4.259426,-6.474198
4.260426,-6.4771852
4.2614264,-6.4771852
4.2624264,-6.4771852
4.2634263,-6.4771852
4.2644267,-6.4806767
4.2654266,-6.4806767
4.266427,-6.4806767
4.267427,-6.4806767
4.268427,-6.4836273
4.2694273,-6.4836273
4.270427,-6.4836273
4.271427,-6.4836273
4.2724276,-6.4870768
4.2734275,-6.4870768
4.2744274,-6.4870768
4.275428,-6.4905977
4.2764277,-6.4905977
4.2774277,-6.4905977
4.278428,-6.4905977
4.279428,-6.493853
4.2804284,-6.493853
4.2814283,-6.493853
4.2824283,-6.493853
4.2834287,-6.497377
4.2844286,-6.497377
4.2854285,-6.497377
4.286429,-6.497377
4.287429,-6.5012803
4.288429,-6.5012803
4.289429,-6.5012803
4.290429,-6.5012803
4.2914295,-6.504976
4.2924294,-6.504976
4.2934294,-6.504976
4.29443,-6.504976
4.2954297,-6.507858
4.2964296,-6.507858
4.29743,-6.507858
4.29843,-6.507858
4.29943,-6.511541
4.3004303,-6.511541
4.30143,-6.511541
4.3024306,-6.511541
4.3034306,-6.514501
4.3044305,-6.514501
4.305431,-6.514501
4.306431,-6.514501
4.3074307,-6.5176244
4.308431,-6.5176244
4.309431,-6.5176244
4.310431,-6.5176244
4.3114314,-6.521058
4.3124313,-6.521058
4.3134317,-6.521058
4.3144317,-6.521058
4.3154316,-6.5244226
4.316432,-6.5244226
4.317432,-6.5244226
4.318432,-6.528067
4.3194323,-6.528067
4.320432,-6.528067
4.321432,-6.528067
4.3224325,-6.5309596
4.3234324,-6.5309596
4.3244324,-6.5309596
4.325433,-6.5309596
4.3264327,-6.534203
4.327433,-6.534203
4.328433,-6.534203
4.329433,-6.534203
4.3304334,-6.5383496
4.3314333,-6.5383496
4.332433,-6.5383496
4.3334336,-6.5383496
4.3344336,-6.541804
4.3354335,-6.541804
4.336434,-6.541804
4.337434,-6.541804
4.338434,-6.544902
4.339434,-6.544902
4.340434,-6.544902
4.3414345,-6.544902
4.3424344,-6.548776
4.3434343,-6.548776
4.3444347,-6.548776
4.3454347,-6.548776
4.3464346,-6.551635
4.347435,-6.551635
4.348435,-6.551635
4.3494353,-6.551635
4.3504353,-6.554998
4.351435,-6.554998
4.3524356,-6.554998
4.3534355,-6.554998
4.3544354,-6.5583525
4.355436,-6.5583525
4.356436,-6.5583525
4.3574357,-6.5611286
4.358436,-6.5611286
4.359436,-6.5611286
4.3604364,-6.5611286
4.3614364,-6.5645366
4.3624363,-6.5645366
4.3634367,-6.5645366
4.3644366,-6.5645366
4.3654366,-6.5679197
4.366437,-6.5679197
4.367437,-6.5679197
4.368437,-6.5679197
4.369437,-6.5711627
4.370437,-6.5711627
4.371437,-6.5711627
4.3724375,-6.5711627
4.3734374,-6.5745463
4.374438,-6.5745463
4.3754377,-6.5745463
4.3764377,-6.5745463
4.377438,-6.578527
4.378438,-6.578527
4.379438,-6.578527
4.3804383,-6.578527
4.3814383,-6.581878
4.382438,-6.581878
4.3834386,-6.581878
4.3844385,-6.581878
4.385439,-6.585671
4.386439,-6.585671
4.387439,-6.585671
4.388439,-6.585671
4.389439,-6.588738
4.390439,-6.588738
4.3914394,-6.588738
4.3924394,-6.588738
4.3934393,-6.5919127
4.3944397,-6.5919127
4.3954396,-6.5919127
4.39644,-6.5919127
4.39744,-6.5952096
4.39844,-6.5952096
4.3994403,-6.5952096
4.40044,-6.5982957
4.40144,-6.5982957
4.4024405,-6.5982957
4.4034405,-6.5982957
4.4044404,-6.6013603
4.405441,-6.6013603
4.4064407,-6.6013603
4.407441,-6.6013603
4.408441,-6.6047645
4.409441,-6.6047645
4.4104414,-6.6047645
4.4114413,-6.6047645
4.4124413,-6.608352
4.4134417,-6.608352
4.4144416,-6.608352
4.4154415,-6.608352
4.416442,-6.611461
4.417442,-6.611461
4.4184422,-6.611461
4.419442,-6.611461
4.420442,-6.6143346
4.4214425,-6.6143346
4.4224424,-6.6143346
4.4234424,-6.6143346
4.424443,-6.618631
4.4254427,-6.618631
4.4264426,-6.618631
4.427443,-6.618631
4.428443,-6.6224637
4.429443,-6.6224637
4.4304433,-6.6224637
4.431443,-6.6224637
4.4324436,-6.62584
4.4334435,-6.62584
4.4344435,-6.62584
4.435444,-6.62584
4.436444,-6.6289535
4.4374437,-6.6289535
4.438444,-6.6289535
4.439444,-6.6289535
4.440444,-6.6318355
4.4414444,-6.6318355
4.4424443,-6.6318355
4.4434447,-6.6350093
4.4444447,-6.6350093
4.4454446,-6.6350093
4.446445,-6.6350093
4.447445,-6.6381745
4.448445,-6.6381745
4.4494452,-6.6381745
4.450445,-6.6381745
4.451445,-6.6420455
4.4524455,-6.6420455
4.4534454,-6.6420455
4.454446,-6.6420455
4.455446,-6.6451674
4.4564457,-6.6451674
4.457446,-6.6451674
4.458446,-6.6451674
4.459446,-6.6483207
4.4604464,-6.6483207
4.4614463,-6.6483207
4.462446,-6.6483207
4.4634466,-6.651226
4.4644465,-6.651226
4.465447,-6.651226
4.466447,-6.651226
4.467447,-6.6553555
4.468447,-6.6553555
4.469447,-6.6553555
4.470447,-6.6553555
4.4714475,-6.6583076
4.4724474,-6.6583076
4.4734473,-6.6583076
4.4744477,-6.6583076
4.4754477,-6.6620474
4.4764476,-6.6620474
4.477448,-6.6620474
4.478448,-6.6620474
4.4794483,-6.665776
4.4804482,-6.665776
4.481448,-6.665776
4.4824486,-6.6687613
4.4834485,-6.6687613
4.4844484,-6.6687613
4.485449,-6.6687613
4.486449,-6.671986
4.4874487,-6.671986
4.488449,-6.671986
4.489449,-6.671986
4.4904494,-6.6751375
4.4914494,-6.6751375
4.4924493,-6.6751375
4.4934497,-6.6751375
4.4944496,-6.6786804
4.4954495,-6.6786804
4.49645,-6.6786804
4.49745,-6.6786804
4.49845,-6.681708
4.49945,-6.681708
4.50045,-6.681708
4.5014505,-6.681708
4.5024505,-6.6849594
4.5034504,-6.6849594
4.504451,-6.6849594
4.5054507,-6.6849594
4.5064507,-6.6879478
4.507451,-6.6879478
4.508451,-6.6879478
4.509451,-6.6879478
4.5104513,-6.6911335
4.5114512,-6.6911335
4.5124516,-6.6911335
4.5134516,-6.6911335
4.5144515,-6.6953096
4.515452,-6.6953096
4.516452,-6.6953096
4.517452,-6.6953096
4.518452,-6.698663
4.519452,-6.698663
4.520452,-6.698663
4.5214524,-6.698663
4.5224524,-6.7018847
4.5234523,-6.7018847
4.5244527,-6.7018847
4.5254526,-6.705393
4.526453,-6.705393
4.527453,-6.705393
4.528453,-6.705393
4.5294533,-6.708517
4.530453,-6.708517
4.531453,-6.708517
4.5324535,-6.708517
4.5334535,-6.711762
4.5344534,-6.711762
4.535454,-6.711762
4.5364537,-6.711762
4.537454,-6.715353
4.538454,-6.715353
4.539454,-6.715353
4.5404544,-6.715353
4.5414543,-6.718162
4.5424542,-6.718162
4.5434546,-6.718162
4.5444546,-6.718162
4.5454545,-6.7214456
4.546455,-6.7214456
4.547455,-6.7214456
4.548455,-6.7214456
4.549455,-6.7246413
4.550455,-6.7246413
4.5514555,-6.7246413
4.5524554,-6.7246413
4.5534554,-6.7277527
4.5544558,-6.7277527
4.5554557,-6.7277527
4.5564556,-6.7277527
4.557456,-6.7317157
4.558456,-6.7317157
4.5594563,-6.7317157
4.5604563,-6.7317157
4.561456,-6.7353506
4.5624566,-6.7353506
4.5634565,-6.7353506
4.5644565,-6.738519
4.565457,-6.738519
4.566457,-6.738519
4.5674567,-6.738519
4.568457,-6.7412744
4.569457,-6.7412744
4.5704575,-6.7412744
4.5714574,-6.7412744
4.5724573,-6.745252
4.5734577,-6.745252
4.5744576,-6.745252
4.5754576,-6.745252
4.576458,-6.7481475
4.577458,-6.7481475
4.578458,-6.7481475
4.579458,-6.7481475
4.580458,-6.7512603
4.581458,-6.7512603
4.5824585,-6.7512603
4.5834584,-6.7512603
4.584459,-6.7549787
4.5854588,-6.7549787
4.5864587,-6.7549787
4.587459,-6.7549787
4.588459,-6.757919
4.589459,-6.757919
4.5904593,-6.757919
4.5914593,-6.757919
4.592459,-6.7612386
4.5934596,-6.7612386
4.5944595,-6.7612386
4.59546,-6.7612386
4.59646,-6.7642255
4.59746,-6.7642255
4.59846,-6.7642255
4.59946,-6.7642255
4.60046,-6.767285
4.6014605,-6.767285
4.6024604,-6.767285
4.6034603,-6.767285
4.6044607,-6.771749
4.6054606,-6.771749
4.606461,-6.771749
4.607461,-6.774697
4.608461,-6.774697
4.6094613,-6.774697
4.610461,-6.774697
4.611461,-6.7781005
4.6124616,-6.7781005
4.6134615,-6.7781005
4.6144614,-6.7781005
4.615462,-6.781146
4.6164618,-6.781146
4.617462,-6.781146
4.618462,-6.781146
4.619462,-6.7844424
4.6204624,-6.7844424
4.6214623,-6.7844424
4.6224623,-6.7844424
4.6234627,-6.7876573
4.6244626,-6.7876573
4.6254625,-6.7876573
4.626463,-6.7876573
4.627463,-6.7913475
4.628463,-6.7913475
4.629463,-6.7913475
4.630463,-6.7913475
4.6314635,-6.7944794
4.6324635,-6.7944794
4.6334634,-6.7944794
4.634464,-6.7944794
4.6354637,-6.7974195
4.6364636,-6.7974195
4.637464,-6.7974195
4.638464,-6.7974195
4.639464,-6.8005056
4.6404643,-6.8005056
4.641464,-6.8005056
4.6424646,-6.8005056
4.6434646,-6.803818
4.6444645,-6.803818
4.645465,-6.803818
4.646465,-6.803818
4.6474648,-6.807416
4.648465,-6.807416
4.649465,-6.807416
4.650465,-6.8113146
4.6514654,-6.8113146
4.6524653,-6.8113146
4.6534657,-6.8113146
4.6544657,-6.8145437
4.6554656,-6.8145437
4.656466,-6.8145437
4.657466,-6.8145437
4.658466,-6.8172545
4.6594663,-6.8172545
4.660466,-6.8172545
4.661466,-6.8172545
4.6624665,-6.820455
4.6634665,-6.820455
4.664467,-6.820455
4.665467,-6.820455
4.6664667,-6.823526
4.667467,-6.823526
4.668467,-6.823526
4.669467,-6.823526
4.6704674,-6.8278174
4.6714673,-6.8278174
4.672467,-6.8278174
4.6734676,-6.8278174
4.6744676,-6.830831
4.6754675,-6.830831
4.676468,-6.830831
4.677468,-6.830831
4.678468,-6.833943
4.679468,-6.833943
4.680468,-6.833943
4.6814685,-6.833943
4.6824684,-6.8369803
4.6834683,-6.8369803
4.6844687,-6.8369803
4.6854687,-6.8369803
4.6864686,-6.839904
4.687469,-6.839904
4.688469,-6.839904
4.6894693,-6.842985
4.6904693,-6.842985
4.691469,-6.842985
4.6924696,-6.842985
4.6934695,-6.8476777
4.6944695,-6.8476777
4.69547,-6.8476777
4.69647,-6.8476777
4.6974697,-6.8508854
4.69847,-6.8508854
4.69947,-6.8508854
4.7004704,-6.8508854
4.7014704,-6.853626
4.7024703,-6.853626
4.7034707,-6.853626
4.7044706,-6.853626
4.7054706,-6.856794
4.706471,-6.856794
4.707471,-6.856794
4.708471,-6.856794
4.709471,-6.859797
4.710471,-6.859797
4.7114716,-6.859797
4.7124715,-6.859797
4.7134714,-6.863502
4.714472,-6.863502
4.7154717,-6.863502
4.7164717,-6.863502
4.717472,-6.8670297
4.718472,-6.8670297
4.719472,-6.8670297
4.7204723,-6.8670297
4.7214723,-6.8701253
4.722472,-6.8701253
4.7234726,-6.8701253
4.7244725,-6.8701253
4.725473,-6.8734846
4.726473,-6.8734846
4.727473,-6.8734846
4.728473,-6.8734846
4.729473,-6.876134
4.730473,-6.876134
4.7314734,-6.876134
4.7324734,-6.879527
4.7334733,-6.879527
4.7344737,-6.879527
4.7354736,-6.879527
4.736474,-6.8826666
4.737474,-6.8826666
4.738474,-6.8826666
4.7394743,-6.8826666
4.740474,-6.886739
4.741474,-6.886739
4.7424746,-6.886739
4.7434745,-6.886739
4.7444744,-6.889854
4.745475,-6.889854
4.7464747,-6.889854
4.747475,-6.889854
4.748475,-6.8930054
4.749475,-6.8930054
4.7504754,-6.8930054
4.7514753,-6.8930054
4.7524753,-6.8962245
4.7534757,-6.8962245
4.7544756,-6.8962245
4.7554755,-6.8962245
4.756476,-6.899669
4.757476,-6.899669
4.7584763,-6.899669
4.759476,-6.899669
4.760476,-6.902806
4.7614765,-6.902806
4.7624764,-6.902806
4.7634764,-6.902806
4.764477,-6.905628
4.7654767,-6.905628
4.7664766,-6.905628
4.767477,-6.905628
4.768477,-6.90901
4.7694774,-6.90901
4.7704773,-6.90901
4.771477,-6.90901
4.7724776,-6.9121284
4.7734776,-6.9121284
4.7744775,-6.9121284
4.775478,-6.9153714
4.776478,-6.9153714
4.7774777,-6.9153714
4.778478,-6.9153714
4.779478,-6.919172
4.780478,-6.919172
4.7814784,-6.919172
4.7824783,-6.919172
4.7834787,-6.921939
4.7844787,-6.921939
4.7854786,-6.921939
4.786479,-6.921939
4.787479,-6.9260516
4.788479,-6.9260516
4.7894793,-6.9260516
4.790479,-6.9260516
4.791479,-6.928969
4.7924795,-6.928969
4.7934794,-6.928969
4.79448,-6.928969
4.79548,-6.9321795
4.7964797,-6.9321795
4.79748,-6.9321795
4.79848,-6.9321795
4.79948,-6.934913
4.8004804,-6.934913
4.8014803,-6.934913
4.80248,-6.934913
4.8034806,-6.938763
4.8044806,-6.938763
4.805481,-6.938763
4.806481,-6.938763
4.807481,-6.941653
4.808481,-6.941653
4.809481,-6.941653
4.810481,-6.941653
4.8114815,-6.944865
4.8124814,-6.944865
4.8134813,-6.944865
4.8144817,-6.9485474
4.8154817,-6.9485474
4.816482,-6.9485474
4.817482,-6.9485474
4.818482,-6.9513774
4.8194823,-6.9513774
4.8204823,-6.9513774
4.821482,-6.9513774
4.8224826,-6.954913
4.8234825,-6.954913
4.8244824,-6.954913
4.825483,-6.954913
4.826483,-6.9578066
4.8274827,-6.9578066
4.828483,-6.9578066
4.829483,-6.9578066
4.8304834,-6.9622655
4.8314834,-6.9622655
4.8324833,-6.9622655
4.8334837,-6.9622655
4.8344836,-6.964953
4.8354836,-6.964953
4.836484,-6.964953
4.837484,-6.964953
4.838484,-6.9680514
4.839484,-6.9680514
4.840484,-6.9680514
4.8414845,-6.9680514
4.8424845,-6.9711995
4.8434844,-6.9711995
4.844485,-6.9711995
4.8454847,-6.9711995
4.8464847,-6.974445
4.847485,-6.974445
4.848485,-6.974445
4.849485,-6.974445
4.8504853,-6.9776864
4.8514853,-6.9776864
4.8524857,-6.9776864
4.8534856,-6.9776864
4.8544855,-6.9806514
4.855486,-6.9806514
4.856486,-6.9806514
4.857486,-6.9838853
4.858486,-6.9838853
4.859486,-6.9838853
4.860486,-6.9838853
4.8614864,-6.987269
4.8624864,-6.987269
4.863487,-6.987269
4.8644867,-6.987269
4.8654866,-6.9908857
4.866487,-6.9908857
4.867487,-6.9908857
4.868487,-6.9908857
4.8694873,-6.9935317
4.870487,-6.9935317
4.871487,-6.9935317
4.8724875,-6.9935317
4.8734875,-6.996921
4.8744874,-6.996921
4.875488,-6.996921
4.8764877,-6.996921
4.877488,-7.0009065
4.878488,-7.0009065
4.879488,-7.0009065
4.8804884,-7.0009065
4.8814883,-7.003799
4.8824883,-7.003799
4.8834887,-7.003799
4.8844886,-7.003799
4.8854885,-7.0070577
4.886489,-7.0070577
4.887489,-7.0070577
4.8884892,-7.0070577
4.889489,-7.010585
4.890489,-7.010585
4.8914895,-7.010585
4.8924894,-7.010585
4.8934894,-7.0137258
4.89449,-7.0137258
4.8954897,-7.0137258
4.8964896,-7.016673
4.89749,-7.016673
4.89849,-7.016673
4.8994904,-7.016673
4.9004903,-7.019726
4.90149,-7.019726
4.9024906,-7.019726
4.9034905,-7.019726
4.9044905,-7.0224996
4.905491,-7.0224996
4.906491,-7.0224996
4.9074907,-7.0224996
4.908491,-7.0256057
4.909491,-7.0256057
4.9104915,-7.0256057
4.9114914,-7.0256057
4.9124913,-7.0299253
4.9134917,-7.0299253
4.9144917,-7.0299253
4.9154916,-7.0299253
4.916492,-7.0327067
4.917492,-7.0327067
4.918492,-7.0327067
4.9194922,-7.0327067
4.920492,-7.036017
4.921492,-7.036017
4.9224925,-7.036017
4.9234924,-7.036017
4.924493,-7.0397253
4.925493,-7.0397253
4.9264927,-7.0397253
4.927493,-7.0397253
4.928493,-7.042839
4.929493,-7.042839
4.9304934,-7.042839
4.9314933,-7.042839
4.932493,-7.046266
4.9334936,-7.046266
4.9344935,-7.046266
4.935494,-7.046266
4.936494,-7.0494943
4.937494,-7.0494943
4.938494,-7.0494943
4.939494,-7.052445
4.940494,-7.052445
4.9414945,-7.052445
4.9424944,-7.052445
4.9434943,-7.05551
4.9444947,-7.05551
4.9454947,-7.05551
4.946495,-7.05551
4.947495,-7.0584264
4.948495,-7.0584264
4.9494953,-7.0584264
4.9504952,-7.0584264
4.951495,-7.061576
4.9524956,-7.061576
4.9534955,-7.061576
4.9544954,-7.061576
4.955496,-7.065107
4.956496,-7.065107
4.957496,-7.065107
4.958496,-7.065107
4.959496,-7.0684533
4.9604964,-7.0684533
4.9614964,-7.0684533
4.9624963,-7.0684533
4.9634967,-7.071457
4.9644966,-7.071457
4.9654965,-7.071457
4.966497,-7.071457
4.967497,-7.0754294
4.9684973,-7.0754294
4.969497,-7.0754294
4.970497,-7.0754294
4.9714975,-7.078726
4.9724975,-7.078726
4.9734974,-7.078726
4.974498,-7.078726
4.9754977,-7.0820312
4.9764977,-7.0820312
4.977498,-7.0820312
4.978498,-7.0820312
4.979498,-7.0850368
4.9804983,-7.0850368
4.9814982,-7.0850368
4.9824986,-7.0881104
4.9834986,-7.0881104
4.9844985,-7.0881104
4.985499,-7.0881104
4.986499,-7.091048
4.9874988,-7.091048
4.988499,-7.091048
4.989499,-7.091048
4.990499,-7.0943184
4.9914994,-7.0943184
4.9924994,-7.0943184
4.9934998,-7.0943184
4.9944997,-7.0972905
4.9954996,-7.0972905
4.9965,-7.0972905
4.9975,-7.0972905
4.9985,-7.1007485
4.9995003,-7.1007485
5.0005,-7.1007485
5.0015,-7.1007485
5.0025005,-7.1036754
5.0035005,-7.1036754
5.004501,-7.1036754
5.005501,-7.1036754
5.0065007,-7.1070514
5.007501,-7.1070514
5.008501,-7.1070514
5.009501,-7.1070514
5.0105014,-7.110066
5.0115013,-7.110066
5.0125012,-7.110066
5.0135016,-7.110066
5.0145016,-7.1141477
5.015502,-7.1141477
5.016502,-7.1141477
5.017502,-7.1141477
5.018502,-7.1174235
5.019502,-7.1174235
5.020502,-7.1174235
5.0215025,-7.120703
5.0225024,-7.120703
5.0235023,-7.120703
5.0245028,-7.120703
5.0255027,-7.1237674
5.0265026,-7.1237674
5.027503,-7.1237674
5.028503,-7.1237674
5.0295033,-7.1267796
5.0305033,-7.1267796
5.031503,-7.1267796
5.0325036,-7.1267796
5.0335035,-7.129816
5.0345035,-7.129816
5.035504,-7.129816
5.036504,-7.129816
5.0375037,-7.132921
5.038504,-7.132921
5.039504,-7.132921
5.0405045,-7.132921
5.0415044,-7.136132
5.0425043,-7.136132
5.0435047,-7.136132
5.0445046,-7.136132
5.0455046,-7.1393294
5.046505,-7.1393294
5.047505,-7.1393294
5.048505,-7.1393294
5.049505,-7.1422796
5.050505,-7.1422796
5.0515056,-7.1422796
5.0525055,-7.1422796
5.0535054,-7.145599
5.054506,-7.145599
5.0555058,-7.145599
5.0565057,-7.145599
5.057506,-7.1497636
5.058506,-7.1497636
5.059506,-7.1497636
5.0605063,-7.1497636
5.0615063,-7.152703
5.0625067,-7.152703
5.0635066,-7.152703
5.0645065,-7.155942
5.065507,-7.155942
5.066507,-7.155942
5.067507,-7.155942
5.068507,-7.1591334
5.069507,-7.1591334
5.070507,-7.1591334
5.0715075,-7.1591334
5.0725074,-7.162424
5.0735073,-7.162424
5.0745077,-7.162424
5.0755076,-7.162424
5.076508,-7.165519
5.077508,-7.165519
5.078508,-7.165519
5.0795083,-7.165519
5.080508,-7.1682863
5.081508,-7.1682863
5.0825086,-7.1682863
5.0835085,-7.1682863
5.0845084,-7.1717954
5.085509,-7.1717954
5.0865088,-7.1717954
5.087509,-7.1717954
5.088509,-7.174788
5.089509,-7.174788
5.0905094,-7.174788
5.0915093,-7.174788
5.0925093,-7.178122
5.0935097,-7.178122
5.0945096,-7.178122
5.0955095,-7.178122
5.09651,-7.1806498
5.09751,-7.1806498
5.0985103,-7.1806498
5.09951,-7.1806498
5.10051,-7.1839046
5.1015105,-7.1839046
5.1025105,-7.1839046
5.1035104,-7.1839046
5.104511,-7.1884246
5.1055107,-7.1884246
5.1065106,-7.1884246
5.107511,-7.1916165
5.108511,-7.1916165
5.1095114,-7.1916165
5.1105113,-7.1916165
5.111511,-7.1950254
5.1125116,-7.1950254
5.1135116,-7.1950254
5.1145115,-7.1950254
5.115512,-7.197687
5.116512,-7.197687
5.1175117,-7.197687
5.118512,-7.197687
5.119512,-7.2008147
5.120512,-7.2008147
5.1215124,-7.2008147
5.1225123,-7.2008147
5.1235127,-7.203873
5.1245127,-7.203873
5.1255126,-7.203873
5.126513,-7.203873
5.127513,-7.2071404
5.128513,-7.2071404
5.1295133,-7.2071404
5.130513,-7.2071404
5.131513,-7.210172
5.1325135,-7.210172
5.1335135,-7.210172
5.134514,-7.210172
5.135514,-7.213324
5.1365137,-7.213324
5.137514,-7.213324
5.138514,-7.213324
5.139514,-7.216369
5.1405144,-7.216369
5.1415143,-7.216369
5.142514,-7.216369
5.1435146,-7.2193694
5.1445146,-7.2193694
5.145515,-7.2193694
5.146515,-7.222329
5.147515,-7.222329
5.148515,-7.222329
5.149515,-7.222329
5.150515,-7.2272468
5.1515155,-7.2272468
5.1525154,-7.2272468
5.1535153,-7.2272468
5.1545157,-7.230126
5.1555157,-7.230126
5.156516,-7.230126
5.157516,-7.230126
5.158516,-7.233292
5.1595163,-7.233292
5.1605163,-7.233292
5.161516,-7.233292
5.1625166,-7.2362657
5.1635165,-7.2362657
5.1645164,-7.2362657
5.165517,-7.2362657
5.166517,-7.2389197
5.167517,-7.2389197
5.168517,-7.2389197
5.169517,-7.2389197
5.1705174,-7.2422247
5.1715174,-7.2422247
5.1725173,-7.2422247
5.1735177,-7.2422247
5.1745176,-7.2458305
5.1755176,-7.2458305
5.176518,-7.2458305
5.177518,-7.2458305
5.178518,-7.248598
5.179518,-7.248598
5.180518,-7.248598
5.1815186,-7.248598
5.1825185,-7.251824
5.1835184,-7.251824
5.184519,-7.251824
5.1855187,-7.251824
5.1865187,-7.25455
5.187519,-7.25455
5.188519,-7.25455
5.189519,-7.2576666
5.1905193,-7.2576666
5.1915193,-7.2576666
5.1925197,-7.2576666
5.1935196,-7.262138
5.1945195,-7.262138
5.19552,-7.262138
5.19652,-7.262138
5.19752,-7.265331
5.19852,-7.265331
5.19952,-7.265331
5.20052,-7.265331
5.2015204,-7.268508
5.2025204,-7.268508
5.203521,-7.268508
5.2045207,-7.268508
5.2055206,-7.2713513
5.206521,-7.2713513
5.207521,-7.2713513
5.208521,-7.2713513
5.2095213,-7.274512
5.210521,-7.274512
5.211521,-7.274512
5.2125216,-7.274512
5.2135215,-7.277575
5.214522,-7.277575
5.215522,-7.277575
5.2165217,-7.277575
5.217522,-7.2811456
5.218522,-7.2811456
5.219522,-7.2811456
5.2205224,-7.2811456
5.2215223,-7.2838407
5.2225223,-7.2838407
5.2235227,-7.2838407
5.2245226,-7.2838407
5.2255225,-7.2868485
5.226523,-7.2868485
5.227523,-7.2868485
5.2285233,-7.2899027
5.229523,-7.2899027
5.230523,-7.2899027
5.2315235,-7.2899027
5.2325234,-7.2930417
5.2335234,-7.2930417
5.234524,-7.2930417
5.2355237,-7.2930417
5.2365236,-7.296888
5.237524,-7.296888
5.238524,-7.296888
5.2395244,-7.296888
5.2405243,-7.3003435
5.241524,-7.3003435
5.2425246,-7.3003435
5.2435246,-7.3003435
5.2445245,-7.3034263
5.245525,-7.3034263
5.246525,-7.3034263
5.2475247,-7.3034263
5.248525,-7.3065543
5.249525,-7.3065543
5.2505255,-7.3065543
5.2515254,-7.3065543
5.2525253,-7.309831
5.2535257,-7.309831
5.2545257,-7.309831
5.2555256,-7.309831
5.256526,-7.3124757
5.257526,-7.3124757
5.258526,-7.3124757
5.2595263,-7.3124757
5.260526,-7.3160615
5.2615266,-7.3160615
5.2625265,-7.3160615
5.2635264,-7.3160615
5.264527,-7.319328
5.265527,-7.319328
5.2665267,-7.319328
5.267527,-7.319328
5.268527,-7.3224745
5.269527,-7.3224745
5.2705274,-7.3224745
5.2715273,-7.325357
5.272527,-7.325357
5.2735276,-7.325357
5.2745275,-7.325357
5.275528,-7.3281636
5.276528,-7.3281636
5.277528,-7.3281636
5.278528,-7.3281636
5.279528,-7.3310227
5.280528,-7.3310227
5.2815285,-7.3310227
5.2825284,-7.3310227
5.2835283,-7.334538
5.2845287,-7.334538
5.2855287,-7.334538
5.286529,-7.334538
5.287529,-7.3384757
5.288529,-7.3384757
5.2895293,-7.3384757
5.2905293,-7.3384757
5.291529,-7.341637
5.2925296,-7.341637
5.2935295,-7.341637
5.2945294,-7.341637
5.29553,-7.3449435
5.29653,-7.3449435
5.29753,-7.3449435
5.29853,-7.3449435
5.29953,-7.3480577
5.3005304,-7.3480577
5.3015304,-7.3480577
5.3025303,-7.3480577
5.3035307,-7.3514895
5.3045306,-7.3514895
5.3055305,-7.3514895
5.306531,-7.3514895
5.307531,-7.354693
5.3085313,-7.354693
5.309531,-7.354693
5.310531,-7.354693
5.3115315,-7.3574266
5.3125315,-7.3574266
5.3135314,-7.3574266
5.314532,-7.360583
5.3155317,-7.360583
5.3165317,-7.360583
5.317532,-7.360583
5.318532,-7.3634663
5.3195324,-7.3634663
5.3205323,-7.3634663
5.3215322,-7.3634663
5.3225327,-7.3665395
5.3235326,-7.3665395
5.3245325,-7.3665395
5.325533,-7.3665395
5.326533,-7.3696613
5.327533,-7.3696613
5.328533,-7.3696613
5.329533,-7.3696613
5.330533,-7.3737583
5.3315334,-7.3737583
5.3325334,-7.3737583
5.333534,-7.3737583
5.3345337,-7.376758
5.3355336,-7.376758
5.336534,-7.376758
5.337534,-7.376758
5.338534,-7.379922
5.3395343,-7.379922
5.340534,-7.379922
5.341534,-7.379922
5.3425345,-7.3829365
5.3435345,-7.3829365
5.344535,-7.3829365
5.345535,-7.3829365
5.3465347,-7.386387
5.347535,-7.386387
5.348535,-7.386387
5.349535,-7.386387
5.3505354,-7.389522
5.3515353,-7.389522
5.3525352,-7.389522
5.3535357,-7.392737
5.3545356,-7.392737
5.355536,-7.392737
5.356536,-7.392737
5.357536,-7.3958764
5.3585362,-7.3958764
5.359536,-7.3958764
5.360536,-7.3958764
5.3615365,-7.398422
5.3625364,-7.398422
5.3635364,-7.398422
5.364537,-7.398422
5.3655367,-7.401213
5.366537,-7.401213
5.367537,-7.401213
5.368537,-7.401213
5.3695374,-7.4049892
5.3705373,-7.4049892
5.371537,-7.4049892
5.3725376,-7.4049892
5.3735375,-7.4081483
5.3745375,-7.4081483
5.375538,-7.4081483
5.376538,-7.4081483
5.3775377,-7.412084
5.378538,-7.412084
5.379538,-7.412084
5.3805385,-7.412084
5.3815384,-7.4146686
5.3825383,-7.4146686
5.3835387,-7.4146686
5.3845387,-7.4146686
5.3855386,-7.4177165
5.386539,-7.4177165
5.387539,-7.4177165
5.388539,-7.4177165
5.3895392,-7.420609
5.390539,-7.420609
5.3915396,-7.420609
5.3925395,-7.420609
5.3935394,-7.424685
5.39454,-7.424685
5.3955398,-7.424685
5.3965397,-7.427528
5.39754,-7.427528
5.39854,-7.427528
5.39954,-7.427528
5.4005404,-7.4306283
5.4015403,-7.4306283
5.4025407,-7.4306283
5.4035406,-7.4306283
5.4045405,-7.43362
5.405541,-7.43362
5.406541,-7.43362
5.407541,-7.43362
5.408541,-7.436615
5.409541,-7.436615
5.410541,-7.436615
5.4115415,-7.436615
5.4125414,-7.4402633
5.413542,-7.4402633
5.4145417,-7.4402633
5.4155416,-7.4402633
5.416542,-7.4427257
5.417542,-7.4427257
5.418542,-7.4427257
5.4195423,-7.4427257
5.4205422,-7.445661
5.421542,-7.445661
5.4225426,-7.445661
5.4235425,-7.445661
5.4245424,-7.449842
5.425543,-7.449842
5.4265428,-7.449842
5.427543,-7.449842
5.428543,-7.4529557
5.429543,-7.4529557
5.4305434,-7.4529557
5.4315434,-7.4529557
5.4325433,-7.4561324
5.4335437,-7.4561324
5.4345436,-7.4561324
5.4355435,-7.4561324
5.436544,-7.4591537
5.437544,-7.4591537
5.4385443,-7.4591537
5.439544,-7.46212
5.440544,-7.46212
5.4415445,-7.46212
5.4425445,-7.46212
5.4435444,-7.4656296
5.444545,-7.4656296
5.4455447,-7.4656296
5.4465446,-7.4656296
5.447545,-7.4687676
5.448545,-7.4687676
5.4495454,-7.4687676
5.4505453,-7.4687676
5.4515452,-7.4715533
5.4525456,-7.4715533
5.4535456,-7.4715533
5.4545455,-7.4715533
5.455546,-7.4750743
5.456546,-7.4750743
5.4575458,-7.4750743
5.458546,-7.4750743
5.459546,-7.4779863
5.4605465,-7.4779863
5.4615464,-7.4779863
5.4625463,-7.4779863
5.4635468,-7.4809012
5.4645467,-7.4809012
5.4655466,-7.4809012
5.466547,-7.4809012
5.467547,-7.4848695
5.468547,-7.4848695
5.4695473,-7.4848695
5.470547,-7.4848695
5.471547,-7.487844
5.4725475,-7.487844
5.4735475,-7.487844
5.474548,-7.487844
5.475548,-7.490776
5.4765477,-7.490776
5.477548,-7.490776
5.478548,-7.4945188
5.479548,-7.4945188
5.4805484,-7.4945188
5.4815483,-7.4945188
5.482548,-7.497194
5.4835486,-7.497194
5.4845486,-7.497194
5.485549,-7.497194
5.486549,-7.499808
5.487549,-7.499808
5.488549,-7.499808
5.489549,-7.499808
5.490549,-7.5034986
5.4915495,-7.5034986
5.4925494,-7.5034986
5.4935493,-7.5034986
5.4945498,-7.506559
5.4955497,-7.506559
5.49655,-7.506559
5.49755,-7.506559
5.49855,-7.509628
5.4995503,-7.509628
5.5005503,-7.509628
5.50155,-7.509628
5.5025506,-7.5132127
5.5035505,-7.5132127
5.5045505,-7.5132127
5.505551,-7.5132127
5.506551,-7.5157256
5.507551,-7.5157256
5.508551,-7.5157256
5.509551,-7.5157256
5.5105515,-7.5187154
5.5115514,-7.5187154
5.5125513,-7.5187154
5.5135517,-7.5187154
5.5145516,-7.5229545
5.5155516,-7.5229545
5.516552,-7.5229545
5.517552,-7.5229545
5.5185523,-7.52599
5.519552,-7.52599
5.520552,-7.52599
5.5215526,-7.52889
5.5225525,-7.52889
5.5235524,-7.52889
5.524553,-7.52889
5.5255527,-7.5320973
5.5265527,-7.5320973
5.527553,-7.5320973
5.528553,-7.5320973
5.529553,-7.5348687
5.5305533,-7.5348687
5.5315533,-7.5348687
5.5325537,-7.5348687
5.5335536,-7.538203
5.5345535,-7.538203
5.535554,-7.538203
5.536554,-7.538203
5.537554,-7.541756
5.538554,-7.541756
5.539554,-7.541756
5.540554,-7.541756
5.5415545,-7.544296
5.5425544,-7.544296
5.543555,-7.544296
5.5445547,-7.544296
5.5455546,-7.547769
5.546555,-7.547769
5.547555,-7.547769
5.548555,-7.547769
5.5495553,-7.5509005
5.550555,-7.5509005
5.551555,-7.5509005
5.5525556,-7.5509005
5.5535555,-7.5536675
5.554556,-7.5536675
5.555556,-7.5536675
5.5565557,-7.5536675
5.557556,-7.5571713
5.558556,-7.5571713
5.559556,-7.5571713
5.5605564,-7.560533
5.5615563,-7.560533
5.5625563,-7.560533
5.5635567,-7.560533
5.5645566,-7.5640426
5.565557,-7.5640426
5.566557,-7.5640426
5.567557,-7.5640426
5.5685573,-7.567105
5.569557,-7.567105
5.570557,-7.567105
5.5715575,-7.567105
5.5725574,-7.5701857
5.5735574,-7.5701857
5.574558,-7.5701857
5.5755577,-7.5701857
5.5765576,-7.572763
5.577558,-7.572763
5.578558,-7.572763
5.5795584,-7.572763
5.5805583,-7.5756454
5.581558,-7.5756454
5.5825586,-7.5756454
5.5835586,-7.5756454
5.5845585,-7.578629
5.585559,-7.578629
5.586559,-7.578629
5.5875587,-7.578629
5.588559,-7.582788
5.589559,-7.582788
5.5905595,-7.582788
5.5915594,-7.582788
5.5925593,-7.585523
5.5935597,-7.585523
5.5945597,-7.585523
5.5955596,-7.585523
5.59656,-7.588514
5.59756,-7.588514
5.59856,-7.588514
5.5995603,-7.588514
5.60056,-7.59139
5.6015606,-7.59139
5.6025605,-7.59139
5.6035604,-7.5953445
5.604561,-7.5953445
5.605561,-7.5953445
5.6065607,-7.5953445
5.607561,-7.598275
5.608561,-7.598275
5.609561,-7.598275
5.6105614,-7.598275
5.6115613,-7.601751
5.6125617,-7.601751
5.6135616,-7.601751
5.6145616,-7.601751
5.615562,-7.6048717
5.616562,-7.6048717
5.617562,-7.6048717
5.618562,-7.6048717
5.619562,-7.60784
5.620562,-7.60784
5.6215625,-7.60784
5.6225624,-7.60784
5.6235623,-7.610673
5.6245627,-7.610673
5.6255627,-7.610673
5.626563,-7.610673
5.627563,-7.613627
5.628563,-7.613627
5.6295633,-7.613627
5.6305633,-7.613627
5.631563,-7.616902
5.6325636,-7.616902
5.6335635,-7.616902
5.6345634,-7.616902
5.635564,-7.6204023
5.636564,-7.6204023
5.637564,-7.6204023
5.638564,-7.6204023
5.639564,-7.623438
5.6405644,-7.623438
5.6415644,-7.623438
5.6425643,-7.623438
5.6435647,-7.626491
5.6445646,-7.626491
5.6455646,-7.626491
5.646565,-7.6291113
5.647565,-7.6291113
5.6485653,-7.6291113
5.649565,-7.6291113
5.650565,-7.6330566
5.6515656,-7.6330566
5.6525655,-7.6330566
5.6535654,-7.6330566
5.654566,-7.636419
5.6555657,-7.636419
5.6565657,-7.636419
5.657566,-7.636419
5.658566,-7.6393924
5.6595664,-7.6393924
5.6605663,-7.6393924
5.6615663,-7.6393924
5.6625667,-7.6425505
5.6635666,-7.6425505
5.6645665,-7.6425505
5.665567,-7.6425505
5.666567,-7.645163
5.667567,-7.645163
5.668567,-7.645163
5.669567,-7.645163
5.670567,-7.648193
5.6715674,-7.648193
5.6725674,-7.648193
5.673568,-7.648193
5.6745677,-7.651895
5.6755676,-7.651895
5.676568,-7.651895
5.677568,-7.651895
5.678568,-7.654842
5.6795683,-7.654842
5.680568,-7.654842
5.681568,-7.654842
5.6825686,-7.6579056
5.6835685,-7.6579056
5.684569,-7.6579056
5.685569,-7.660926
5.6865687,-7.660926
5.687569,-7.660926
5.688569,-7.660926
5.689569,-7.6636662
5.6905694,-7.6636662
5.6915693,-7.6636662
5.6925693,-7.6636662
5.6935697,-7.6678734
5.6945696,-7.6678734
5.69557,-7.6678734
5.69657,-7.6678734
5.69757,-7.6713777
5.6985703,-7.6713777
5.69957,-7.6713777
5.70057,-7.6713777
5.7015705,-7.6740704
5.7025704,-7.6740704
5.7035704,-7.6740704
5.704571,-7.6740704
5.7055707,-7.6770263
5.706571,-7.6770263
5.707571,-7.6770263
5.708571,-7.6770263
5.7095714,-7.680078
5.7105713,-7.680078
5.711571,-7.680078
5.7125716,-7.680078
5.7135715,-7.6830316
5.7145715,-7.6830316
5.715572,-7.6830316
5.716572,-7.6830316
5.717572,-7.68575
5.718572,-7.68575
5.719572,-7.68575
5.7205725,-7.68575
5.7215724,-7.689302
5.7225723,-7.689302
5.7235727,-7.689302
5.7245727,-7.689302
5.7255726,-7.6924253
5.726573,-7.6924253
5.727573,-7.6924253
5.728573,-7.695274
5.7295732,-7.695274
5.730573,-7.695274
5.7315736,-7.695274
5.7325735,-7.6989236
5.7335734,-7.6989236
5.734574,-7.6989236
5.735574,-7.6989236
5.7365737,-7.7013025
5.737574,-7.7013025
5.738574,-7.7013025
5.739574,-7.7013025
5.7405744,-7.705831
5.7415743,-7.705831
5.7425747,-7.705831
5.7435746,-7.705831
5.7445745,-7.7088037
5.745575,-7.7088037
5.746575,-7.7088037
5.747575,-7.7088037
5.748575,-7.7118974
5.749575,-7.7118974
5.750575,-7.7118974
5.7515755,-7.7118974
5.7525754,-7.7147737
5.753576,-7.7147737
5.7545757,-7.7147737
5.7555757,-7.7147737
5.756576,-7.7176375
5.757576,-7.7176375
5.758576,-7.7176375
5.7595763,-7.7176375
5.7605762,-7.720411
5.761576,-7.720411
5.7625766,-7.720411
5.7635765,-7.720411
5.764577,-7.724014
5.765577,-7.724014
5.766577,-7.724014
5.767577,-7.724014
5.768577,-7.7270074
5.769577,-7.7270074
5.7705774,-7.7270074
5.7715774,-7.7297764
5.7725773,-7.7297764
5.7735777,-7.7297764
5.7745776,-7.7297764
5.7755775,-7.7329106
5.776578,-7.7329106
5.777578,-7.7329106
5.7785783,-7.7329106
5.779578,-7.73652
5.780578,-7.73652
5.7815785,-7.73652
5.7825785,-7.73652
5.7835784,-7.739696
5.784579,-7.739696
5.7855787,-7.739696
5.7865787,-7.739696
5.787579,-7.7432327
5.788579,-7.7432327
5.7895794,-7.7432327
5.7905793,-7.7432327
5.7915792,-7.7463126
5.7925797,-7.7463126
5.7935796,-7.7463126
5.7945795,-7.7463126
5.79558,-7.7493114
5.79658,-7.7493114
5.79758,-7.7493114
5.79858,-7.7493114
5.79958,-7.7523313
5.8005805,-7.7523313
5.8015804,-7.7523313
5.8025804,-7.7523313
5.8035808,-7.7553906
5.8045807,-7.7553906
5.8055806,-7.7553906
5.806581,-7.7553906
5.807581,-7.7583876
5.808581,-7.7583876
5.8095813,-7.7583876
5.810581,-7.761522
5.8115816,-7.761522
5.8125815,-7.761522
5.8135815,-7.761522
5.814582,-7.76456
5.815582,-7.76456
5.8165817,-7.76456
5.817582,-7.76456
5.818582,-7.76751
5.819582,-7.76751
5.8205824,-7.76751
5.8215823,-7.76751
5.8225822,-7.769987
5.8235826,-7.769987
5.8245826,-7.769987
5.825583,-7.769987
5.826583,-7.773599
5.827583,-7.773599
5.8285832,-7.773599
5.829583,-7.773599
5.830583,-7.777959
5.8315835,-7.777959
5.8325834,-7.777959
5.8335834,-7.777959
5.8345838,-7.781141
5.8355837,-7.781141
5.836584,-7.781141
5.837584,-7.781141
5.838584,-7.784026
5.8395844,-7.784026
5.8405843,-7.784026
5.841584,-7.784026
5.8425846,-7.786658
5.8435845,-7.786658
5.8445845,-7.786658
5.845585,-7.786658
5.846585,-7.78954
5.847585,-7.78954
5.848585,-7.78954
5.849585,-7.78954
5.8505855,-7.7930903
5.8515854,-7.7930903
5.8525853,-7.7930903
5.8535857,-7.7961335
5.8545856,-7.7961335
5.8555856,-7.7961335
5.856586,-7.7961335
5.857586,-7.7991734
5.8585863,-7.7991734
5.8595862,-7.7991734
5.860586,-7.7991734
5.8615866,-7.801836
5.8625865,-7.801836
5.8635864,-7.801836
5.864587,-7.801836
5.8655868,-7.8047643
5.8665867,-7.8047643
5.867587,-7.8047643
5.868587,-7.8047643
5.8695874,-7.8077846
5.8705873,-7.8077846
5.8715873,-7.8077846
5.8725877,-7.8077846
5.8735876,-7.8113728
5.8745875,-7.8113728
5.875588,-7.8113728
5.876588,-7.8113728
5.877588,-7.8151097
5.878588,-7.8151097
5.879588,-7.8151097
5.880588,-7.8151097
5.8815885,-7.8182163
5.8825884,-7.8182163
5.883589,-7.8182163
5.8845887,-7.8182163
5.8855886,-7.821367
5.886589,-7.821367
5.887589,-7.821367
5.888589,-7.821367
5.8895893,-7.824347
5.890589,-7.824347
5.891589,-7.824347
5.8925896,-7.8279424
5.8935895,-7.8279424
5.89459,-7.8279424
5.89559,-7.8279424
5.8965898,-7.830507
5.89759,-7.830507
5.89859,-7.830507
5.89959,-7.830507
5.9005904,-7.833311
5.9015903,-7.833311
5.9025903,-7.833311
5.9035907,-7.833311
5.9045906,-7.836423
5.905591,-7.836423
5.906591,-7.836423
5.907591,-7.836423
5.9085913,-7.8394055
5.909591,-7.8394055
5.910591,-7.8394055
5.9115915,-7.8394055
5.9125915,-7.8423243
5.9135914,-7.8423243
5.914592,-7.8423243
5.9155917,-7.8423243
5.916592,-7.8458123
5.917592,-7.8458123
5.918592,-7.8458123
5.9195924,-7.8458123
5.9205923,-7.848793
5.921592,-7.848793
5.9225926,-7.848793
5.9235926,-7.848793
5.9245925,-7.852957
5.925593,-7.852957
5.926593,-7.852957
5.9275928,-7.852957
5.928593,-7.855866
5.929593,-7.855866
5.9305935,-7.855866
5.9315934,-7.855866
5.9325933,-7.8585515
5.9335938,-7.8585515
5.9345937,-7.8585515
5.9355936,-7.8616114
5.936594,-7.8616114
5.937594,-7.8616114
5.938594,-7.8616114
5.9395943,-7.865212
5.940594,-7.865212
5.9415946,-7.865212
5.9425945,-7.865212
5.9435945,-7.8682323
5.944595,-7.8682323
5.945595,-7.8682323
5.9465947,-7.8682323
5.947595,-7.870691
5.948595,-7.870691
5.949595,-7.870691
5.9505954,-7.870691
5.9515953,-7.8739204
5.9525957,-7.8739204
5.9535956,-7.8739204
5.9545956,-7.8739204
5.955596,-7.876901
5.956596,-7.876901
5.957596,-7.876901
5.958596,-7.876901
5.959596,-7.8801656
5.960596,-7.8801656
5.9615965,-7.8801656
5.9625964,-7.8801656
5.963597,-7.883238
5.9645967,-7.883238
5.9655967,-7.883238
5.966597,-7.883238
5.967597,-7.8869
5.968597,-7.8869
5.9695973,-7.8869
5.9705973,-7.8869
5.971597,-7.8903623
5.9725976,-7.8903623
5.9735975,-7.8903623
5.9745975,-7.8903623
5.975598,-7.8932967
5.976598,-7.8932967
5.977598,-7.8932967
5.978598,-7.8962555
5.979598,-7.8962555
5.9805984,-7.8962555
5.9815984,-7.8962555
5.9825983,-7.899382
5.9835987,-7.899382
5.9845986,-7.899382
5.9855986,-7.899382
5.986599,-7.9022965
5.987599,-7.9022965
5.9885993,-7.9022965
5.989599,-7.9022965
5.990599,-7.9056144
5.9915996,-7.9056144
5.9925995,-7.9056144
5.9935994,-7.9056144
5.9946,-7.908343
5.9955997,-7.908343
5.9965997,-7.908343
5.9976,-7.908343
5.9986,-7.9113035
5.9996004,-7.9113035
6.0006003,-7.9113035
6.0016003,-7.9113035
6.0026007,-7.914394
6.0036006,-7.914394
6.0046005,-7.914394
6.005601,-7.914394
6.006601,-7.91732
6.007601,-7.91732
6.008601,-7.91732
6.009601,-7.91732
6.0106015,-7.9204135
6.0116014,-7.9204135
6.0126014,-7.9204135
6.013602,-7.9204135
6.0146017,-7.9245305
6.0156016,-7.9245305
6.016602,-7.9245305
6.017602,-7.9269857
6.018602,-7.9269857
6.0196023,-7.9269857
6.020602,-7.9269857
6.021602,-7.930431
6.0226026,-7.930431
6.0236025,-7.930431
6.024603,-7.930431
6.025603,-7.933971
6.0266027,-7.933971
6.027603,-7.933971
6.028603,-7.933971
6.029603,-7.936829
6.0306034,-7.936829
6.0316033,-7.936829
6.0326033,-7.936829
6.0336037,-7.9399915
6.0346036,-7.9399915
6.035604,-7.9399915
6.036604,-7.9399915
6.037604,-7.942467
6.0386043,-7.942467
6.039604,-7.942467
6.040604,-7.942467
6.0416045,-7.945378
6.0426044,-7.945378
6.0436044,-7.945378
6.044605,-7.945378
6.0456047,-7.948488
6.046605,-7.948488
6.047605,-7.948488
6.048605,-7.948488
6.0496054,-7.952001
6.0506053,-7.952001
6.051605,-7.952001
6.0526056,-7.952001
6.0536056,-7.954655
6.0546055,-7.954655
6.055606,-7.954655
6.056606,-7.954655
6.057606,-7.9586377
6.058606,-7.9586377
6.059606,-7.9586377
6.0606065,-7.9615293
6.0616064,-7.9615293
6.0626063,-7.9615293
6.0636067,-7.9615293
6.0646067,-7.964273
6.0656066,-7.964273
6.066607,-7.964273
6.067607,-7.964273
6.0686073,-7.968126
6.0696073,-7.968126
6.070607,-7.968126
6.0716076,-7.968126
6.0726075,-7.9709516
6.0736074,-7.9709516
6.074608,-7.9709516
6.075608,-7.9709516
6.0766077,-7.9741254
6.077608,-7.9741254
6.078608,-7.9741254
6.079608,-7.9741254
6.0806084,-7.977077
6.0816083,-7.977077
6.0826087,-7.977077
6.0836086,-7.977077
6.0846086,-7.9800553
6.085609,-7.9800553
6.086609,-7.9800553
6.087609,-7.9800553
6.088609,-7.9829392
6.089609,-7.9829392
6.090609,-7.9829392
6.0916095,-7.9829392
6.0926094,-7.986165
6.09361,-7.986165
6.0946097,-7.986165
6.0956097,-7.986165
6.09661,-7.9890513
6.09761,-7.9890513
6.09861,-7.9890513
6.0996103,-7.9921374
6.1006103,-7.9921374
6.10161,-7.9921374
6.1026106,-7.9921374
6.1036105,-7.9959106
6.104611,-7.9959106
6.105611,-7.9959106
6.106611,-7.9959106
6.107611,-7.9986553
6.108611,-7.9986553
6.109611,-7.9986553
6.1106114,-7.9986553
6.1116114,-8.002045
6.1126113,-8.002045
6.1136117,-8.002045
6.1146116,-8.002045
6.115612,-8.005543
6.116612,-8.005543
6.117612,-8.005543
6.1186123,-8.005543
6.119612,-8.008472
6.120612,-8.008472
6.1216125,-8.008472
6.1226125,-8.008472
6.1236124,-8.011537
6.124613,-8.011537
6.1256127,-8.011537
6.1266127,-8.011537
6.127613,-8.014264
6.128613,-8.014264
6.1296134,-8.014264
6.1306133,-8.014264
6.1316133,-8.017216
6.1326137,-8.017216
6.1336136,-8.017216
6.1346135,-8.017216
6.135614,-8.020518
6.136614,-8.020518
6.137614,-8.020518
6.138614,-8.020518
6.139614,-8.023633
6.1406145,-8.023633
6.1416144,-8.023633
6.1426144,-8.026124
6.143615,-8.026124
6.1446147,-8.026124
6.1456146,-8.026124
6.146615,-8.029123
6.147615,-8.029123
6.148615,-8.029123
6.1496153,-8.029123
6.150615,-8.033335
6.1516156,-8.033335
6.1526155,-8.033335
6.1536155,-8.033335
6.154616,-8.036384
6.155616,-8.036384
6.1566157,-8.036384
6.157616,-8.036384
6.158616,-8.039711
6.159616,-8.039711
6.1606164,-8.039711
6.1616163,-8.039711
6.1626167,-8.042239
6.1636167,-8.042239
6.1646166,-8.042239
6.165617,-8.042239
6.166617,-8.045566
6.167617,-8.045566
6.1686172,-8.045566
6.169617,-8.045566
6.170617,-8.048643
6.1716175,-8.048643
6.1726174,-8.048643
6.1736174,-8.048643
6.174618,-8.051661
6.1756177,-8.051661
6.176618,-8.051661
6.177618,-8.051661
6.178618,-8.054812
6.1796184,-8.054812
6.1806183,-8.054812
6.181618,-8.054812
6.1826186,-8.057672
6.1836185,-8.057672
6.1846185,-8.057672
6.185619,-8.060592
6.186619,-8.060592
6.187619,-8.060592
6.188619,-8.060592
6.189619,-8.063667
6.1906195,-8.063667
6.1916194,-8.063667
6.1926193,-8.063667
6.1936197,-8.067693
6.1946197,-8.067693
6.1956196,-8.067693
6.19662,-8.067693
6.19762,-8.070184
6.1986203,-8.070184
6.1996202,-8.070184
6.20062,-8.070184
6.2016206,-8.0735855
6.2026205,-8.0735855
6.2036204,-8.0735855
6.204621,-8.0735855
6.205621,-8.07635
6.2066207,-8.07635
6.207621,-8.07635
6.208621,-8.07635
6.2096214,-8.079519
6.2106214,-8.079519
6.2116213,-8.079519
6.2126217,-8.079519
6.2136216,-8.0826645
6.2146215,-8.0826645
6.215622,-8.0826645
6.216622,-8.0826645
6.217622,-8.085614
6.218622,-8.085614
6.219622,-8.085614
6.220622,-8.085614
6.2216225,-8.089003
6.2226224,-8.089003
6.223623,-8.089003
6.2246227,-8.092276
6.2256227,-8.092276
6.226623,-8.092276
6.227623,-8.092276
6.228623,-8.094996
6.2296233,-8.094996
6.2306232,-8.094996
6.231623,-8.094996
6.2326236,-8.09754
6.2336235,-8.09754
6.234624,-8.09754
6.235624,-8.09754
6.236624,-8.100738
6.237624,-8.100738
6.238624,-8.100738
6.239624,-8.100738
6.2406244,-8.104578
6.2416244,-8.104578
6.2426243,-8.104578
6.2436247,-8.104578
6.2446246,-8.108007
6.245625,-8.108007
6.246625,-8.108007
6.247625,-8.108007
6.2486253,-8.110657
6.249625,-8.110657
6.250625,-8.110657
6.2516255,-8.110657
6.2526255,-8.1135025
6.2536254,-8.1135025
6.254626,-8.1135025
6.2556257,-8.1135025
6.256626,-8.116549
6.257626,-8.116549
6.258626,-8.116549
6.2596264,-8.116549
6.2606263,-8.119873
6.2616262,-8.119873
6.2626266,-8.119873
6.2636266,-8.119873
6.2646265,-8.123499
6.265627,-8.123499
6.266627,-8.123499
6.2676272,-8.1261215
6.268627,-8.1261215
6.269627,-8.1261215
6.2706275,-8.1261215
6.2716274,-8.129084
6.2726274,-8.129084
6.2736278,-8.129084
6.2746277,-8.129084
6.2756276,-8.131874
6.276628,-8.131874
6.277628,-8.131874
6.278628,-8.131874
6.2796283,-8.134926
6.280628,-8.134926
6.2816286,-8.134926
6.2826285,-8.134926
6.2836285,-8.137858
6.284629,-8.137858
6.285629,-8.137858
6.2866287,-8.137858
6.287629,-8.1417675
6.288629,-8.1417675
6.289629,-8.1417675
6.2906294,-8.1417675
6.2916293,-8.145024
6.2926297,-8.145024
6.2936296,-8.145024
6.2946296,-8.145024
6.29563,-8.147996
6.29663,-8.147996
6.29763,-8.147996
6.29863,-8.147996
6.29963,-8.150763
6.30063,-8.150763
6.3016305,-8.150763
6.3026304,-8.150763
6.303631,-8.153389
6.3046308,-8.153389
6.3056307,-8.153389
6.306631,-8.153389
6.307631,-8.156394
6.308631,-8.156394
6.3096313,-8.156394
6.3106313,-8.160351
6.311631,-8.160351
6.3126316,-8.160351
6.3136315,-8.160351
6.314632,-8.163567
6.315632,-8.163567
6.316632,-8.163567
6.317632,-8.163567
6.318632,-8.166667
6.319632,-8.166667
6.3206325,-8.166667
6.3216324,-8.166667
6.3226323,-8.168962
6.3236327,-8.168962
6.3246326,-8.168962
6.3256326,-8.168962
6.326633,-8.171955
6.327633,-8.171955
6.3286333,-8.171955
6.329633,-8.171955
6.330633,-8.176382
6.3316336,-8.176382
6.3326335,-8.176382
6.3336334,-8.176382
6.334634,-8.179331
6.3356338,-8.179331
6.3366337,-8.179331
6.337634,-8.179331
6.338634,-8.181934
6.3396344,-8.181934
6.3406343,-8.181934
6.3416343,-8.181934
6.3426347,-8.184977
6.3436346,-8.184977
6.3446345,-8.184977
6.345635,-8.184977
6.346635,-8.187629
6.347635,-8.187629
6.348635,-8.187629
6.349635,-8.190689
6.3506355,-8.190689
6.3516355,-8.190689
6.3526354,-8.190689
6.353636,-8.194319
6.3546357,-8.194319
6.3556356,-8.194319
6.356636,-8.194319
6.357636,-8.197337
6.358636,-8.197337
6.3596363,-8.197337
6.360636,-8.197337
6.3616366,-8.200344
6.3626366,-8.200344
6.3636365,-8.200344
6.364637,-8.200344
6.365637,-8.203247
6.3666368,-8.203247
6.367637,-8.203247
6.368637,-8.203247
6.369637,-8.206053
6.3706374,-8.206053
6.3716373,-8.206053
6.3726373,-8.206053
6.3736377,-8.209358
6.3746376,-8.209358
6.375638,-8.209358
6.376638,-8.209358
6.377638,-8.213099
6.3786383,-8.213099
6.379638,-8.213099
6.380638,-8.213099
6.3816385,-8.216152
6.3826385,-8.216152
6.3836384,-8.216152
6.384639,-8.216152
6.3856387,-8.219195
6.386639,-8.219195
6.387639,-8.219195
6.388639,-8.219195
6.3896394,-8.222108
6.3906393,-8.222108
6.391639,-8.222108
6.3926396,-8.224742
6.3936396,-8.224742
6.3946395,-8.224742
6.39564,-8.224742
6.39664,-8.228276
6.39764,-8.228276
6.39864,-8.228276
6.39964,-8.228276
6.4006405,-8.231244
6.4016404,-8.231244
6.4026403,-8.231244
6.4036407,-8.231244
6.4046407,-8.234541
6.4056406,-8.234541
6.406641,-8.234541
6.407641,-8.234541
6.4086413,-8.237011
6.4096413,-8.237011
6.410641,-8.237011
6.4116416,-8.237011
6.4126415,-8.240276
6.4136415,-8.240276
6.414642,-8.240276
6.415642,-8.240276
6.4166417,-8.243114
6.417642,-8.243114
6.418642,-8.243114
6.419642,-8.243114
6.4206424,-8.246416
6.4216423,-8.246416
6.4226427,-8.246416
6.4236426,-8.246416
6.4246426,-8.250461
6.425643,-8.250461
6.426643,-8.250461
6.427643,-8.250461
6.428643,-8.253052
6.429643,-8.253052
6.430643,-8.253052
6.4316435,-8.256292
6.4326434,-8.256292
6.433644,-8.256292
6.4346437,-8.256292
6.4356437,-8.259049
6.436644,-8.259049
6.437644,-8.259049
6.438644,-8.259049
6.4396443,-8.262223
6.4406443,-8.262223
6.441644,-8.262223
6.4426446,-8.262223
6.4436445,-8.264893
6.444645,-8.264893
6.445645,-8.264893
6.446645,-8.264893
6.447645,-8.267792
6.448645,-8.267792
6.449645,-8.267792
6.4506454,-8.267792
6.4516454,-8.27109
6.4526453,-8.27109
6.4536457,-8.27109
6.4546456,-8.27109
6.455646,-8.274546
6.456646,-8.274546
6.457646,-8.274546
6.4586463,-8.274546
6.459646,-8.277434
6.460646,-8.277434
6.4616466,-8.277434
6.4626465,-8.277434
6.4636464,-8.280165
6.464647,-8.280165
6.4656467,-8.280165
6.466647,-8.280165
6.467647,-8.284081
6.468647,-8.284081
6.4696474,-8.284081
6.4706473,-8.284081
6.4716473,-8.287162
6.4726477,-8.287162
6.4736476,-8.287162
6.4746475,-8.290262
6.475648,-8.290262
6.476648,-8.290262
6.477648,-8.290262
6.478648,-8.292992
6.479648,-8.292992
6.4806485,-8.292992
6.4816484,-8.292992
6.4826484,-8.296125
6.483649,-8.296125
6.4846487,-8.296125
6.4856486,-8.296125
6.486649,-8.299095
6.487649,-8.299095
6.488649,-8.299095
6.4896493,-8.299095
6.490649,-8.302227
6.4916496,-8.302227
6.4926496,-8.302227
6.4936495,-8.302227
6.49465,-8.305216
6.49565,-8.305216
6.4966497,-8.305216
6.49765,-8.305216
6.49865,-8.307768
6.49965,-8.307768
6.5006504,-8.307768
6.5016503,-8.307768
6.5026507,-8.311141
6.5036507,-8.311141
6.5046506,-8.311141
6.505651,-8.311141
6.506651,-8.314437
6.507651,-8.314437
6.5086513,-8.314437
6.509651,-8.314437
6.510651,-8.317362
6.5116515,-8.317362
6.5126514,-8.317362
6.513652,-8.317362
6.514652,-8.32147
6.5156517,-8.32147
6.516652,-8.32147
6.517652,-8.32397
6.518652,-8.32397
6.5196524,-8.32397
6.5206523,-8.32397
6.521652,-8.327028
6.5226526,-8.327028
6.5236526,-8.327028
6.5246525,-8.327028
6.525653,-8.32998
6.526653,-8.32998
6.527653,-8.32998
6.528653,-8.32998
6.529653,-8.333204
6.5306535,-8.333204
6.5316534,-8.333204
6.5326533,-8.333204
6.5336537,-8.336193
6.5346537,-8.336193
6.5356536,-8.336193
6.536654,-8.336193
6.537654,-8.338946
6.5386543,-8.338946
6.5396543,-8.338946
6.540654,-8.338946
6.5416546,-8.341953
6.5426545,-8.341953
6.5436544,-8.341953
6.544655,-8.341953
6.545655,-8.344866
6.5466547,-8.344866
6.547655,-8.344866
6.548655,-8.344866
6.5496554,-8.348768
6.5506554,-8.348768
6.5516553,-8.348768
6.5526557,-8.348768
6.5536556,-8.35121
6.5546556,-8.35121
6.555656,-8.35121
6.556656,-8.355127
6.557656,-8.355127
6.558656,-8.355127
6.559656,-8.355127
6.5606565,-8.358193
6.5616565,-8.358193
6.5626564,-8.358193
6.563657,-8.358193
6.5646567,-8.361239
6.5656567,-8.361239
6.566657,-8.361239
6.567657,-8.361239
6.568657,-8.363784
6.5696573,-8.363784
6.5706573,-8.363784
6.571657,-8.363784
6.5726576,-8.367174
6.5736575,-8.367174
6.574658,-8.367174
6.575658,-8.367174
6.576658,-8.370094
6.577658,-8.370094
6.578658,-8.370094
6.579658,-8.370094
6.5806584,-8.372988
6.5816584,-8.372988
6.5826583,-8.372988
6.5836587,-8.372988
6.5846586,-8.376033
6.585659,-8.376033
6.586659,-8.376033
6.587659,-8.376033
6.5886593,-8.378756
6.589659,-8.378756
6.590659,-8.378756
6.5916595,-8.378756
6.5926595,-8.382315
6.5936594,-8.382315
6.59466,-8.382315
6.5956597,-8.382315
6.59666,-8.385231
6.59766,-8.385231
6.59866,-8.385231
6.5996604,-8.388505
6.6006603,-8.388505
6.6016603,-8.388505
6.6026607,-8.388505
6.6036606,-8.391887
6.6046605,-8.391887
6.605661,-8.391887
6.606661,-8.391887
6.6076612,-8.394738
6.608661,-8.394738
6.609661,-8.394738
6.6106615,-8.394738
6.6116614,-8.397838
6.6126614,-8.397838
6.613662,-8.397838
6.6146617,-8.397838
6.6156616,-8.401348
6.616662,-8.401348
6.617662,-8.401348
6.6186624,-8.401348
6.6196623,-8.40448
6.620662,-8.40448
6.6216626,-8.40448
6.6226625,-8.40448
6.6236625,-8.406858
6.624663,-8.406858
6.625663,-8.406858
6.6266627,-8.406858
6.627663,-8.409722
6.628663,-8.409722
6.629663,-8.409722
6.6306634,-8.409722
6.6316633,-8.412774
6.6326637,-8.412774
6.6336637,-8.412774
6.6346636,-8.412774
6.635664,-8.415723
6.636664,-8.415723
6.637664,-8.415723
6.6386642,-8.415723
6.639664,-8.418753
6.640664,-8.418753
6.6416645,-8.418753
6.6426644,-8.421827
6.643665,-8.421827
6.644665,-8.421827
6.6456647,-8.421827
6.646665,-8.424929
6.647665,-8.424929
6.648665,-8.424929
6.6496654,-8.424929
6.6506653,-8.429029
6.651665,-8.429029
6.6526656,-8.429029
6.6536655,-8.429029
6.654666,-8.43194
6.655666,-8.43194
6.656666,-8.43194
6.657666,-8.43194
6.658666,-8.434929
6.659666,-8.434929
6.6606665,-8.434929
6.6616664,-8.434929
6.6626663,-8.437894
6.6636667,-8.437894
6.6646667,-8.437894
6.665667,-8.437894
6.666667,-8.441075
6.667667,-8.441075
6.6686673,-8.441075
6.6696672,-8.441075
6.670667,-8.444014
6.6716676,-8.444014
6.6726675,-8.444014
6.6736674,-8.444014
6.674668,-8.446534
6.675668,-8.446534
6.6766677,-8.446534
6.677668,-8.446534
6.678668,-8.449453
6.6796684,-8.449453
6.6806684,-8.449453
6.6816683,-8.452843
6.6826687,-8.452843
6.6836686,-8.452843
6.6846685,-8.452843
6.685669,-8.455818
6.686669,-8.455818
6.687669,-8.455818
6.688669,-8.455818
6.689669,-8.458882
6.6906695,-8.458882
6.6916695,-8.458882
6.6926694,-8.458882
6.69367,-8.462785
6.6946697,-8.462785
6.6956697,-8.462785
6.69667,-8.462785
6.69767,-8.465736
6.69867,-8.465736
6.6996703,-8.465736
6.7006702,-8.465736
6.7016706,-8.469151
6.7026706,-8.469151
6.7036705,-8.469151
6.704671,-8.469151
6.705671,-8.471975
6.7066708,-8.471975
6.707671,-8.471975
6.708671,-8.471975
6.709671,-8.474888
6.7106714,-8.474888
6.7116714,-8.474888
6.7126718,-8.474888
6.7136717,-8.47765
6.7146716,-8.47765
6.715672,-8.47765
6.716672,-8.47765
6.717672,-8.480398
6.7186723,-8.480398
6.719672,-8.480398
6.720672,-8.480398
6.7216725,-8.483465
6.7226725,-8.483465
6.7236724,-8.483465
6.724673,-8.487019
6.7256727,-8.487019
6.726673,-8.487019
6.727673,-8.487019
6.728673,-8.489513
6.7296734,-8.489513
6.7306733,-8.489513
6.7316732,-8.489513
6.7326736,-8.492611
6.7336736,-8.492611
6.7346735,-8.492611
6.735674,-8.492611
6.736674,-8.495665
6.737674,-8.495665
6.738674,-8.495665
6.739674,-8.495665
6.7406745,-8.499293
6.7416744,-8.499293
6.7426744,-8.499293
6.7436748,-8.499293
6.7446747,-8.502567
6.7456746,-8.502567
6.746675,-8.502567
6.747675,-8.502567
6.7486753,-8.505207
6.7496753,-8.505207
6.750675,-8.505207
6.7516756,-8.505207
6.7526755,-8.50881
6.7536755,-8.50881
6.754676,-8.50881
6.755676,-8.50881
6.7566757,-8.512179
6.757676,-8.512179
6.758676,-8.512179
6.7596765,-8.512179
6.7606764,-8.514713
6.7616763,-8.514713
6.7626767,-8.514713
6.7636766,-8.517636
6.7646766,-8.517636
6.765677,-8.517636
6.766677,-8.517636
6.767677,-8.520041
6.768677,-8.520041
6.769677,-8.520041
6.770677,-8.520041
6.7716775,-8.523556
6.7726774,-8.523556
6.773678,-8.523556
6.7746778,-8.523556
6.7756777,-8.5258875
6.776678,-8.5258875
6.777678,-8.5258875
6.778678,-8.5258875
6.7796783,-8.529729
6.7806783,-8.529729
6.781678,-8.529729
6.7826786,-8.529729
6.7836785,-8.532883
6.784679,-8.532883
6.785679,-8.532883
6.786679,-8.532883
6.787679,-8.535839
6.788679,-8.535839
6.789679,-8.535839
6.7906795,-8.535839
6.7916794,-8.539817
6.7926793,-8.539817
6.7936797,-8.539817
6.7946796,-8.539817
6.79568,-8.542169
6.79668,-8.542169
6.79768,-8.542169
6.7986803,-8.542169
6.79968,-8.545327
6.80068,-8.545327
6.8016806,-8.545327
6.8026805,-8.545327
6.8036804,-8.549088
6.804681,-8.549088
6.8056808,-8.549088
6.806681,-8.551477
6.807681,-8.551477
6.808681,-8.551477
6.8096814,-8.551477
6.8106813,-8.5546875
6.8116813,-8.5546875
6.8126817,-8.5546875
6.8136816,-8.5546875
6.8146815,-8.5570345
6.815682,-8.5570345
6.816682,-8.5570345
6.8176823,-8.5570345
6.818682,-8.560188
6.819682,-8.560188
6.8206825,-8.560188
6.8216825,-8.560188
6.8226824,-8.563683
6.823683,-8.563683
6.8246827,-8.563683
6.8256826,-8.563683
6.826683,-8.56605
6.827683,-8.56605
6.828683,-8.56605
6.8296833,-8.56605
6.830683,-8.570598
6.8316836,-8.570598
6.8326836,-8.570598
6.8336835,-8.570598
6.834684,-8.572427
6.835684,-8.572427
6.8366838,-8.572427
6.837684,-8.572427
6.838684,-8.576475
6.839684,-8.576475
6.8406844,-8.576475
6.8416843,-8.576475
6.8426847,-8.579039
6.8436847,-8.579039
6.8446846,-8.579039
6.845685,-8.579039
6.846685,-8.582182
6.847685,-8.582182
6.8486853,-8.582182
6.849685,-8.585749
6.850685,-8.585749
6.8516855,-8.585749
6.8526855,-8.585749
6.853686,-8.587672
6.854686,-8.587672
6.8556857,-8.587672
6.856686,-8.587672
6.857686,-8.591196
6.858686,-8.591196
6.8596864,-8.591196
6.8606863,-8.591196
6.861686,-8.593993
6.8626866,-8.593993
6.8636866,-8.593993
6.864687,-8.593993
6.865687,-8.597138
6.866687,-8.597138
6.867687,-8.597138
6.868687,-8.597138
6.869687,-8.600287
6.8706875,-8.600287
6.8716874,-8.600287
6.8726873,-8.600287
6.8736877,-8.602605
6.8746877,-8.602605
6.8756876,-8.602605
6.876688,-8.602605
6.877688,-8.607008
6.8786883,-8.607008
6.8796883,-8.607008
6.880688,-8.607008
6.8816886,-8.609273
6.8826885,-8.609273
6.8836884,-8.609273
6.884689,-8.609273
6.885689,-8.612857
6.8866887,-8.612857
6.887689,-8.612857
6.888689,-8.616461
6.8896894,-8.616461
6.8906894,-8.616461
6.8916893,-8.616461
6.8926897,-8.618705
6.8936896,-8.618705
6.8946896,-8.618705
6.89569,-8.618705
6.89669,-8.622465
6.89769,-8.622465
6.89869,-8.622465
6.89969,-8.622465
6.9006906,-8.625052
6.9016905,-8.625052
6.9026904,-8.625052
6.903691,-8.625052
6.9046907,-8.627609
6.9056907,-8.627609
6.906691,-8.627609
6.907691,-8.627609
6.908691,-8.6303425
6.9096913,-8.6303425
6.9106913,-8.6303425
6.9116917,-8.6303425
6.9126916,-8.633657
6.9136915,-8.633657
6.914692,-8.633657
6.915692,-8.633657
6.916692,-8.6371565
6.917692,-8.6371565
6.918692,-8.6371565
6.919692,-8.6371565
6.9206924,-8.63989
6.9216924,-8.63989
6.9226923,-8.63989
6.9236927,-8.63989
6.9246926,-8.643539
6.925693,-8.643539
6.926693,-8.643539
6.927693,-8.643539
6.9286933,-8.645981
6.929693,-8.645981
6.930693,-8.645981
6.9316936,-8.649338
6.9326935,-8.649338
6.9336934,-8.649338
6.934694,-8.649338
6.9356937,-8.653366
6.936694,-8.653366
6.937694,-8.653366
6.938694,-8.653366
6.9396944,-8.655763
6.9406943,-8.655763
6.9416943,-8.655763
6.9426947,-8.655763
6.9436946,-8.659039
6.9446945,-8.659039
6.945695,-8.659039
6.946695,-8.659039
6.9476953,-8.661547
6.948695,-8.661547
6.949695,-8.661547
6.9506955,-8.661547
6.9516954,-8.664497
6.9526954,-8.664497
6.953696,-8.664497
6.9546957,-8.664497
6.9556956,-8.668067
6.956696,-8.668067
6.957696,-8.668067
6.9586964,-8.668067
6.9596963,-8.670027
6.960696,-8.670027
6.9616966,-8.670027
6.9626966,-8.670027
6.9636965,-8.673693
6.964697,-8.673693
6.965697,-8.673693
6.9666967,-8.673693
6.967697,-8.677261
6.968697,-8.677261
6.969697,-8.677261
6.9706974,-8.677261
6.9716973,-8.680611
6.9726977,-8.680611
6.9736977,-8.680611
6.9746976,-8.683879
6.975698,-8.683879
6.976698,-8.683879
6.977698,-8.683879
6.9786983,-8.685749
6.979698,-8.685749
6.980698,-8.685749
6.9816985,-8.685749
6.9826984,-8.689676
6.983699,-8.689676
6.984699,-8.689676
6.9856987,-8.689676
6.986699,-8.692309
6.987699,-8.692309
6.988699,-8.692309
6.9896994,-8.692309
6.9906993,-8.695723
6.991699,-8.695723
6.9926996,-8.695723
6.9936996,-8.695723
6.9947,-8.697954
6.9957,-8.697954
6.9967,-8.697954
6.9977,-8.697954
6.9987,-8.700951
6.9997,-8.700951
7.0007005,-8.700951
7.0017004,-8.700951
7.0027003,-8.704543
7.0037007,-8.704543
7.0047007,-8.704543
7.005701,-8.704543
7.006701,-8.707304
7.007701,-8.707304
7.0087013,-8.707304
7.0097013,-8.707304
7.010701,-8.710573
7.0117016,-8.710573
7.0127015,-8.710573
7.0137014,-8.713601
7.014702,-8.713601
7.015702,-8.713601
7.016702,-8.713601
7.017702,-8.717003
7.018702,-8.717003
7.0197024,-8.717003
7.0207024,-8.717003
7.0217023,-8.72011
7.0227027,-8.72011
7.0237026,-8.72011
7.0247025,-8.72011
7.025703,-8.722887
7.026703,-8.722887
7.027703,-8.722887
7.028703,-8.722887
7.029703,-8.725636
7.0307035,-8.725636
7.0317035,-8.725636
7.0327034,-8.725636
7.033704,-8.728876
7.0347037,-8.728876
7.0357037,-8.728876
7.036704,-8.728876
7.037704,-8.732234
7.038704,-8.732234
7.0397043,-8.732234
7.0407043,-8.732234
7.0417047,-8.735546
7.0427046,-8.735546
7.0437045,-8.735546
7.044705,-8.735546
7.045705,-8.738392
7.046705,-8.738392
7.047705,-8.738392
7.048705,-8.738392
7.049705,-8.740923
7.0507054,-8.740923
7.0517054,-8.740923
7.052706,-8.740923
7.0537057,-8.743645
7.0547056,-8.743645
7.055706,-8.743645
7.056706,-8.74767
7.057706,-8.74767
7.0587063,-8.74767
7.059706,-8.74767
7.060706,-8.75043
7.0617065,-8.75043
7.0627065,-8.75043
7.063707,-8.75043
7.064707,-8.753723
7.0657067,-8.753723
7.066707,-8.753723
7.067707,-8.753723
7.068707,-8.756584
7.0697074,-8.756584
7.0707073,-8.756584
7.0717072,-8.756584
7.0727077,-8.759398
7.0737076,-8.759398
7.0747075,-8.759398
7.075708,-8.759398
7.076708,-8.762494
7.0777082,-8.762494
7.078708,-8.762494
7.079708,-8.762494
7.0807085,-8.76574
7.0817084,-8.76574
7.0827084,-8.76574
7.083709,-8.76574
7.0847087,-8.768519
7.0857086,-8.768519
7.086709,-8.768519
7.087709,-8.768519
7.0887094,-8.771994
7.0897093,-8.771994
7.090709,-8.771994
7.0917096,-8.771994
7.0927095,-8.774532
7.0937095,-8.774532
7.09471,-8.774532
7.09571,-8.777643
7.0967097,-8.777643
7.09771,-8.777643
7.09871,-8.777643
7.0997105,-8.7799635
7.1007104,-8.7799635
7.1017103,-8.7799635
7.1027107,-8.7799635
7.1037107,-8.784442
7.1047106,-8.784442
7.105711,-8.784442
7.106711,-8.784442
7.107711,-8.787794
7.1087112,-8.787794
7.109711,-8.787794
7.1107116,-8.787794
7.1117115,-8.790184
7.1127114,-8.790184
7.113712,-8.790184
7.1147118,-8.790184
7.1157117,-8.793294
7.116712,-8.793294
7.117712,-8.793294
7.118712,-8.793294
7.1197124,-8.795687
7.1207123,-8.795687
7.121712,-8.795687
7.1227126,-8.795687
7.1237125,-8.799124
7.124713,-8.799124
7.125713,-8.799124
7.126713,-8.799124
7.127713,-8.801922
7.128713,-8.801922
7.129713,-8.801922
7.1307135,-8.801922
7.1317134,-8.805414
7.1327133,-8.805414
7.1337137,-8.805414
7.1347136,-8.805414
7.135714,-8.808537
7.136714,-8.808537
7.137714,-8.808537
7.1387143,-8.810878
7.1397142,-8.810878
7.140714,-8.810878
7.1417146,-8.810878
7.1427145,-8.814429
7.1437144,-8.814429
7.144715,-8.814429
7.1457148,-8.814429
7.146715,-8.816998
7.147715,-8.816998
7.148715,-8.816998
7.1497154,-8.816998
7.1507154,-8.821097
7.1517153,-8.821097
7.1527157,-8.821097
7.1537156,-8.821097
7.1547155,-8.824041
7.155716,-8.824041
7.156716,-8.824041
7.1577163,-8.824041
7.158716,-8.826559
7.159716,-8.826559
7.1607165,-8.826559
7.1617165,-8.826559
7.1627164,-8.830188
7.163717,-8.830188
7.1647167,-8.830188
7.1657166,-8.830188
7.166717,-8.832651
7.167717,-8.832651
7.1687174,-8.832651
7.1697173,-8.832651
7.1707172,-8.836081
7.1717176,-8.836081
7.1727176,-8.836081
7.1737175,-8.836081
7.174718,-8.839038
7.175718,-8.839038
7.1767178,-8.839038
7.177718,-8.839038
7.178718,-8.841955
7.179718,-8.841955
7.1807184,-8.841955
7.1817183,-8.8456955
7.1827188,-8.8456955
7.1837187,-8.8456955
7.1847186,-8.8456955
7.185719,-8.847534
7.186719,-8.847534
7.187719,-8.847534
7.1887193,-8.847534
7.189719,-8.850805
7.190719,-8.850805
7.1917195,-8.850805
7.1927195,-8.850805
7.19372,-8.85516
7.19472,-8.85516
7.1957197,-8.85516
7.19672,-8.85516
7.19772,-8.857726
7.19872,-8.857726
7.1997204,-8.857726
7.2007203,-8.857726
7.20172,-8.861263
7.2027206,-8.861263
7.2037206,-8.861263
7.204721,-8.861263
7.205721,-8.863419
7.206721,-8.863419
7.207721,-8.863419
7.208721,-8.863419
7.209721,-8.866556
7.2107215,-8.866556
7.2117214,-8.866556
7.2127213,-8.866556
7.2137218,-8.868723
7.2147217,-8.868723
7.215722,-8.868723
7.216722,-8.868723
7.217722,-8.872358
7.2187223,-8.872358
7.2197223,-8.872358
7.220722,-8.875929
7.2217226,-8.875929
7.2227225,-8.875929
7.2237225,-8.875929
7.224723,-8.878305
7.225723,-8.878305
7.2267227,-8.878305
7.227723,-8.878305
7.228723,-8.881971
7.2297235,-8.881971
7.2307234,-8.881971
7.2317233,-8.881971
7.2327237,-8.88392
7.2337236,-8.88392
7.2347236,-8.88392
7.235724,-8.88392
7.236724,-8.887598
7.237724,-8.887598
7.238724,-8.887598
7.239724,-8.887598
7.2407246,-8.891935
7.2417245,-8.891935
7.2427244,-8.891935
7.243725,-8.891935
7.2447248,-8.8938875
7.2457247,-8.8938875
7.246725,-8.8938875
7.247725,-8.8938875
7.248725,-8.897686
7.2497253,-8.897686
7.2507253,-8.897686
7.2517257,-8.897686
7.2527256,-8.899771
7.2537255,-8.899771
7.254726,-8.899771
7.255726,-8.899771
7.256726,-8.903296
7.257726,-8.903296
7.258726,-8.903296
7.259726,-8.903296
7.2607265,-8.90586
7.2617264,-8.90586
7.262727,-8.90586
7.2637267,-8.908667
7.2647266,-8.908667
7.265727,-8.908667
7.266727,-8.908667
7.267727,-8.91198
7.2687273,-8.91198
7.269727,-8.91198
7.270727,-8.91198
7.2717276,-8.914907
7.2727275,-8.914907
7.2737274,-8.914907
7.274728,-8.914907
7.2757277,-8.918026
7.276728,-8.918026
7.277728,-8.918026
7.278728,-8.918026
7.2797284,-8.920196
7.2807283,-8.920196
7.2817283,-8.920196
7.2827287,-8.920196
7.2837286,-8.92341
7.2847285,-8.92341
7.285729,-8.92341
7.286729,-8.92341
7.2877293,-8.928072
7.288729,-8.928072
7.289729,-8.928072
7.2907295,-8.928072
7.2917295,-8.930225
7.2927294,-8.930225
7.29373,-8.930225
7.2947297,-8.930225
7.2957296,-8.933577
7.29673,-8.933577
7.29773,-8.933577
7.2987304,-8.933577
7.2997303,-8.936245
7.30073,-8.936245
7.3017306,-8.936245
7.3027306,-8.936245
7.3037305,-8.939543
7.304731,-8.939543
7.305731,-8.939543
7.3067307,-8.943378
7.307731,-8.943378
7.308731,-8.943378
7.3097315,-8.943378
7.3107314,-8.945347
7.3117313,-8.945347
7.3127317,-8.945347
7.3137317,-8.945347
7.3147316,-8.94883
7.315732,-8.94883
7.316732,-8.94883
7.317732,-8.94883
7.3187323,-8.95084
7.319732,-8.95084
7.320732,-8.95084
7.3217325,-8.95084
7.3227324,-8.954406
7.323733,-8.954406
7.324733,-8.954406
7.3257327,-8.954406
7.326733,-8.957695
7.327733,-8.957695
7.328733,-8.957695
7.3297334,-8.957695
7.3307333,-8.961163
7.331733,-8.961163
7.3327336,-8.961163
7.3337336,-8.961163
7.334734,-8.9641075
7.335734,-8.9641075
7.336734,-8.9641075
7.337734,-8.9641075
7.338734,-8.966988
7.339734,-8.966988
7.3407345,-8.966988
7.3417344,-8.966988
7.3427343,-8.970049
7.3437347,-8.970049
7.3447347,-8.970049
7.345735,-8.973898
7.346735,-8.973898
7.347735,-8.973898
7.3487353,-8.973898
7.3497353,-8.9761505
7.350735,-8.9761505
7.3517356,-8.9761505
7.3527355,-8.9761505
7.3537354,-8.979349
7.354736,-8.979349
7.355736,-8.979349
7.356736,-8.979349
7.357736,-8.982277
7.358736,-8.982277
7.3597364,-8.982277
7.3607364,-8.982277
7.3617363,-8.985121
7.3627367,-8.985121
7.3637366,-8.985121
7.3647366,-8.985121
7.365737,-8.988442
7.366737,-8.988442
7.3677373,-8.988442
7.368737,-8.988442
7.369737,-8.990483
7.3707376,-8.990483
7.3717375,-8.990483
7.3727374,-8.990483
7.373738,-8.994624
7.3747377,-8.994624
7.3757377,-8.994624
7.376738,-8.994624
7.377738,-8.997156
7.378738,-8.997156
7.3797383,-8.997156
7.3807383,-8.997156
7.3817387,-9.001326
7.3827386,-9.001326
7.3837385,-9.001326
7.384739,-9.001326
7.385739,-9.00323
7.386739,-9.00323
7.387739,-9.00323
7.388739,-9.006718
7.389739,-9.006718
7.3907394,-9.006718
7.3917394,-9.006718
7.39274,-9.01063
7.3937397,-9.01063
7.3947396,-9.01063
7.39574,-9.01063
7.39674,-9.012387
7.39774,-9.012387
7.3987403,-9.012387
7.39974,-9.012387
7.40074,-9.016558
7.4017406,-9.016558
7.4027405,-9.016558
7.403741,-9.016558
7.404741,-9.018082
7.4057407,-9.018082
7.406741,-9.018082
7.407741,-9.018082
7.408741,-9.02191
7.4097414,-9.02191
7.4107413,-9.02191
7.4117413,-9.02191
7.4127417,-9.025157
7.4137416,-9.025157
7.414742,-9.025157
7.415742,-9.025157
7.416742,-9.02852
7.4177423,-9.02852
7.418742,-9.02852
7.419742,-9.02852
7.4207425,-9.030297
7.4217424,-9.030297
7.4227424,-9.030297
7.423743,-9.030297
7.4247427,-9.03411
7.4257426,-9.03411
7.426743,-9.03411
7.427743,-9.036226
7.4287434,-9.036226
7.4297433,-9.036226
7.430743,-9.036226
7.4317436,-9.040077
7.4327435,-9.040077
7.4337435,-9.040077
7.434744,-9.040077
7.435744,-9.041981
7.4367437,-9.041981
7.437744,-9.041981
7.438744,-9.041981
7.4397445,-9.046492
7.4407444,-9.046492
7.4417443,-9.046492
7.4427447,-9.046492
7.4437447,-9.050205
7.4447446,-9.050205
7.445745,-9.050205
7.446745,-9.050205
7.447745,-9.052292
7.4487453,-9.052292
7.449745,-9.052292
7.4507456,-9.052292
7.4517455,-9.056132
7.4527454,-9.056132
7.453746,-9.056132
7.454746,-9.056132
7.4557457,-9.057735
7.456746,-9.057735
7.457746,-9.057735
7.458746,-9.057735
7.4597464,-9.06237
7.4607463,-9.06237
7.4617467,-9.06237
7.4627466,-9.06237
7.4637465,-9.063586
7.464747,-9.063586
7.465747,-9.063586
7.466747,-9.063586
7.467747,-9.06839
7.468747,-9.06839
7.469747,-9.06839
7.4707475,-9.069451
7.4717474,-9.069451
7.4727473,-9.069451
7.4737477,-9.069451
7.4747477,-9.073765
7.475748,-9.073765
7.476748,-9.073765
7.477748,-9.073765
7.4787483,-9.075788
7.4797482,-9.075788
7.480748,-9.075788
7.4817486,-9.075788
7.4827485,-9.079981
7.4837484,-9.079981
7.484749,-9.079981
7.485749,-9.079981
7.486749,-9.081466
7.487749,-9.081466
7.488749,-9.081466
7.4897494,-9.081466
7.4907494,-9.085187
7.4917493,-9.085187
7.4927497,-9.085187
7.4937496,-9.085187
7.4947495,-9.089701
7.49575,-9.089701
7.49675,-9.089701
7.4977503,-9.089701
7.49875,-9.09103
7.49975,-9.09103
7.5007505,-9.09103
7.5017505,-9.09103
7.5027504,-9.096084
7.503751,-9.096084
7.5047507,-9.096084
7.5057507,-9.096084
7.506751,-9.09787
7.507751,-9.09787
7.5087514,-9.09787
7.5097513,-9.09787
7.5107512,-9.101341
7.5117517,-9.101341
7.5127516,-9.101341
7.5137515,-9.103066
7.514752,-9.103066
7.515752,-9.103066
7.516752,-9.103066
7.517752,-9.1071615
7.518752,-9.1071615
7.519752,-9.1071615
7.5207524,-9.1071615
7.5217524,-9.109501
7.522753,-9.109501
7.5237527,-9.109501
7.5247526,-9.109501
7.525753,-9.113377
7.526753,-9.113377
7.527753,-9.113377
7.5287533,-9.113377
7.529753,-9.114738
7.530753,-9.114738
7.5317535,-9.114738
7.5327535,-9.114738
7.533754,-9.119005
7.534754,-9.119005
7.5357537,-9.119005
7.536754,-9.119005
7.537754,-9.123173
7.538754,-9.123173
7.5397544,-9.123173
7.5407543,-9.123173
7.5417542,-9.125259
7.5427547,-9.125259
7.5437546,-9.125259
7.544755,-9.125259
7.545755,-9.129549
7.546755,-9.129549
7.5477552,-9.129549
7.548755,-9.129549
7.549755,-9.131176
7.5507555,-9.131176
7.5517554,-9.131176
7.5527554,-9.135461
7.5537558,-9.135461
7.5547557,-9.135461
7.555756,-9.135461
7.556756,-9.136669
7.557756,-9.136669
7.5587564,-9.136669
7.5597563,-9.136669
7.560756,-9.140835
7.5617566,-9.140835
7.5627565,-9.140835
7.5637565,-9.140835
7.564757,-9.142922
7.565757,-9.142922
7.566757,-9.142922
7.567757,-9.142922
7.568757,-9.146717
7.5697575,-9.146717
7.5707574,-9.146717
7.5717573,-9.146717
7.5727577,-9.148848
7.5737576,-9.148848
7.5747576,-9.148848
7.575758,-9.148848
7.576758,-9.152947
7.577758,-9.152947
7.5787582,-9.152947
7.579758,-9.152947
7.5807586,-9.156117
7.5817585,-9.156117
7.5827584,-9.156117
7.583759,-9.156117
7.5847588,-9.158188
7.5857587,-9.158188
7.586759,-9.158188
7.587759,-9.158188
7.588759,-9.162803
7.5897593,-9.162803
7.5907593,-9.162803
7.5917597,-9.162803
7.5927596,-9.164873
7.5937595,-9.164873
7.59476,-9.164873
7.59576,-9.168564
7.59676,-9.168564
7.59776,-9.168564
7.59876,-9.168564
7.59976,-9.1702175
7.6007605,-9.1702175
7.6017604,-9.1702175
7.602761,-9.1702175
7.6037607,-9.174082
7.6047606,-9.174082
7.605761,-9.174082
7.606761,-9.174082
7.607761,-9.176218
7.6087613,-9.176218
7.609761,-9.176218
7.610761,-9.176218
7.6117616,-9.180902
7.6127615,-9.180902
7.613762,-9.180902
7.614762,-9.180902
7.6157618,-9.18165
7.616762,-9.18165
7.617762,-9.18165
7.618762,-9.18165
7.6197624,-9.186363
7.6207623,-9.186363
7.6217623,-9.186363
7.6227627,-9.186363
7.6237626,-9.187506
7.6247625,-9.187506
7.625763,-9.187506
7.626763,-9.187506
7.6277633,-9.192121
7.628763,-9.192121
7.629763,-9.192121
7.6307635,-9.192121
7.6317635,-9.195945
7.6327634,-9.195945
7.633764,-9.195945
7.6347637,-9.195945
7.6357636,-9.197609
7.636764,-9.197609
7.637764,-9.197609
7.6387644,-9.202353
7.6397643,-9.202353
7.640764,-9.202353
7.6417646,-9.202353
7.6427646,-9.203438
7.6437645,-9.203438
7.644765,-9.203438
7.645765,-9.203438
7.6467648,-9.208383
7.647765,-9.208383
7.648765,-9.208383
7.6497655,-9.208383
7.6507654,-9.208672
7.6517653,-9.208672
7.6527658,-9.208672
7.6537657,-9.208672
7.6547656,-9.213732
7.655766,-9.213732
7.656766,-9.213732
7.657766,-9.213732
7.6587663,-9.215846
7.659766,-9.215846
7.6607666,-9.215846
7.6617665,-9.215846
7.6627665,-9.219442
7.663767,-9.219442
7.664767,-9.219442
7.6657667,-9.219442
7.666767,-9.221856
7.667767,-9.221856
7.668767,-9.221856
7.6697674,-9.221856
7.6707673,-9.224836
7.671767,-9.224836
7.6727676,-9.224836
7.6737676,-9.224836
7.674768,-9.228818
7.675768,-9.228818
7.676768,-9.228818
7.677768,-9.231287
7.678768,-9.231287
7.679768,-9.231287
7.6807685,-9.231287
7.6817684,-9.2355385
7.6827683,-9.2355385
7.6837687,-9.2355385
7.6847687,-9.2355385
7.685769,-9.2374325
7.686769,-9.2374325
7.687769,-9.2374325
7.6887693,-9.2374325
7.6897693,-9.240889
7.690769,-9.240889
7.6917696,-9.240889
7.6927695,-9.240889
7.6937695,-9.243401
7.69477,-9.243401
7.69577,-9.243401
7.69677,-9.243401
7.69777,-9.247457
7.69877,-9.247457
7.6997705,-9.247457
7.7007704,-9.247457
7.7017703,-9.248829
7.7027707,-9.248829
7.7037706,-9.248829
7.7047706,-9.248829
7.705771,-9.253235
7.706771,-9.253235
7.7077713,-9.253235
7.708771,-9.253235
7.709771,-9.254471
7.7107716,-9.254471
7.7117715,-9.254471
7.7127714,-9.254471
7.713772,-9.259354
7.7147717,-9.259354
7.7157717,-9.259354
7.716772,-9.259354
7.717772,-9.262043
7.718772,-9.262043
7.7197723,-9.262043
7.7207723,-9.26456
7.7217727,-9.26456
7.7227726,-9.26456
7.7237725,-9.26456
7.724773,-9.268492
7.725773,-9.268492
7.726773,-9.268492
7.727773,-9.268492
7.728773,-9.270434
7.729773,-9.270434
7.7307734,-9.270434
7.7317734,-9.270434
7.732774,-9.27502
7.7337737,-9.27502
7.7347736,-9.27502
7.735774,-9.27502
7.736774,-9.276165
7.737774,-9.276165
7.7387743,-9.276165
7.739774,-9.276165
7.740774,-9.280838
7.7417746,-9.280838
7.7427745,-9.280838
7.743775,-9.280838
7.744775,-9.282658
7.7457747,-9.282658
7.746775,-9.282658
7.747775,-9.282658
7.748775,-9.286472
7.7497754,-9.286472
7.7507753,-9.286472
7.7517753,-9.286472
7.7527757,-9.288597
7.7537756,-9.288597
7.754776,-9.288597
7.755776,-9.288597
7.756776,-9.292013
7.7577763,-9.292013
7.758776,-9.292013
7.759776,-9.293978
7.7607765,-9.293978
7.7617764,-9.293978
7.7627764,-9.293978
7.763777,-9.298813
7.7647767,-9.298813
7.765777,-9.298813
7.766777,-9.298813
7.767777,-9.301569
7.7687774,-9.301569
7.7697773,-9.301569
7.770777,-9.301569
7.7717776,-9.304501
7.7727776,-9.304501
7.7737775,-9.304501
7.774778,-9.304501
7.775778,-9.307015
7.7767777,-9.307015
7.777778,-9.307015
7.778778,-9.307015
7.7797785,-9.310038
7.7807784,-9.310038
7.7817783,-9.310038
7.7827787,-9.310038
7.7837787,-9.315078
7.7847786,-9.315078
7.785779,-9.315078
7.786779,-9.315078
7.787779,-9.315814
7.7887793,-9.315814
7.789779,-9.315814
7.7907796,-9.315814
7.7917795,-9.320624
7.7927794,-9.320624
7.79378,-9.320624
7.79478,-9.320624
7.7957797,-9.321352
7.79678,-9.321352
7.79778,-9.321352
7.79878,-9.321352
7.7997804,-9.325967
7.8007803,-9.325967
7.8017807,-9.325967
7.8027806,-9.327401
7.8037806,-9.327401
7.804781,-9.327401
7.805781,-9.327401
7.806781,-9.331758
7.807781,-9.331758
7.808781,-9.331758
7.809781,-9.331758
7.8107815,-9.335488
7.8117814,-9.335488
7.812782,-9.335488
7.8137817,-9.335488
7.8147817,-9.337246
7.815782,-9.337246
7.816782,-9.337246
7.817782,-9.337246
7.8187823,-9.341087
7.8197823,-9.341087
7.820782,-9.341087
7.8217826,-9.341087
7.8227825,-9.343506
7.8237824,-9.343506
7.824783,-9.343506
7.825783,-9.343506
7.826783,-9.347872
7.827783,-9.347872
7.828783,-9.347872
7.8297834,-9.347872
7.8307834,-9.349794
7.8317833,-9.349794
7.8327837,-9.349794
7.8337836,-9.349794
7.8347836,-9.353205
7.835784,-9.353205
7.836784,-9.353205
7.8377843,-9.353205
7.838784,-9.355234
7.839784,-9.355234
7.8407845,-9.355234
7.8417845,-9.355234
7.8427844,-9.359499
7.843785,-9.359499
7.8447847,-9.359499
7.8457847,-9.360685
7.846785,-9.360685
7.847785,-9.360685
7.8487854,-9.360685
7.8497853,-9.365742
7.8507853,-9.365742
7.8517857,-9.365742
7.8527856,-9.365742
7.8537855,-9.368406
7.854786,-9.368406
7.855786,-9.368406
7.856786,-9.368406
7.857786,-9.371477
7.858786,-9.371477
7.8597865,-9.371477
7.8607864,-9.371477
7.8617864,-9.374315
7.862787,-9.374315
7.8637867,-9.374315
7.8647866,-9.374315
7.865787,-9.376627
7.866787,-9.376627
7.867787,-9.376627
7.8687873,-9.376627
7.869787,-9.380038
7.870787,-9.380038
7.8717875,-9.380038
7.8727875,-9.380038
7.873788,-9.382492
7.874788,-9.382492
7.8757877,-9.382492
7.876788,-9.382492
7.877788,-9.387599
7.878788,-9.387599
7.8797884,-9.387599
7.8807883,-9.387599
7.8817883,-9.388342
7.8827887,-9.388342
7.8837886,-9.388342
7.884789,-9.3927765
7.885789,-9.3927765
7.886789,-9.3927765
7.8877892,-9.3927765
7.888789,-9.393882
7.889789,-9.393882
7.8907895,-9.393882
7.8917894,-9.393882
7.8927894,-9.398571
7.89379,-9.398571
7.8947897,-9.398571
7.89579,-9.398571
7.89679,-9.400869
7.89779,-9.400869
7.8987904,-9.400869
7.8997903,-9.400869
7.90079,-9.404183
7.9017906,-9.404183
7.9027905,-9.404183
7.9037905,-9.404183
7.904791,-9.407966
7.905791,-9.407966
7.906791,-9.407966
7.907791,-9.407966
7.908791,-9.409734
7.9097915,-9.409734
7.9107914,-9.409734
7.9117913,-9.409734
7.9127917,-9.413624
7.9137917,-9.413624
7.9147916,-9.413624
7.915792,-9.413624
7.916792,-9.416272
7.9177923,-9.416272
7.9187922,-9.416272
7.919792,-9.416272
7.9207926,-9.4194565
7.9217925,-9.4194565
7.9227924,-9.4194565
7.923793,-9.4194565
7.924793,-9.42238
7.9257927,-9.42238
7.926793,-9.42238
7.927793,-9.426151
7.928793,-9.426151
7.9297934,-9.426151
7.9307933,-9.426151
7.9317937,-9.427927
7.9327936,-9.427927
7.9337935,-9.427927
7.934794,-9.427927
7.935794,-9.431148
7.936794,-9.431148
7.937794,-9.431148
7.938794,-9.431148
7.939794,-9.433401
7.9407945,-9.433401
7.9417944,-9.433401
7.942795,-9.433401
7.9437947,-9.438135
7.9447947,-9.438135
7.945795,-9.438135
7.946795,-9.438135
7.947795,-9.441252
7.9487953,-9.441252
7.9497952,-9.441252
7.950795,-9.441252
7.9517956,-9.443712
7.9527955,-9.443712
7.953796,-9.443712
7.954796,-9.443712
7.955796,-9.446486
7.956796,-9.446486
7.957796,-9.446486
7.958796,-9.446486
7.9597964,-9.4495325
7.9607964,-9.4495325
7.9617963,-9.4495325
7.9627967,-9.4495325
7.9637966,-9.45336
7.964797,-9.45336
7.965797,-9.45336
7.966797,-9.455671
7.9677973,-9.455671
7.968797,-9.455671
7.969797,-9.455671
7.9707975,-9.459658
7.9717975,-9.459658
7.9727974,-9.459658
7.973798,-9.459658
7.9747977,-9.460964
7.9757977,-9.460964
7.976798,-9.460964
7.977798,-9.460964
7.9787984,-9.4655
7.9797983,-9.4655
7.9807982,-9.4655
7.9817986,-9.4655
7.9827986,-9.46746
7.9837985,-9.46746
7.984799,-9.46746
7.985799,-9.46746
7.986799,-9.471258
7.987799,-9.471258
7.988799,-9.471258
7.9897995,-9.471258
7.9907994,-9.474678
7.9917994,-9.474678
7.9927998,-9.474678
7.9937997,-9.474678
7.9947996,-9.476965
7.9958,-9.476965
7.9968,-9.476965
7.9978,-9.476965
7.9988003,-9.480402
7.9998,-9.480402
8.0008,-9.480402
8.001801,-9.480402
8.002801,-9.480402
8.0038,-9.480402
8.004801,-9.486254
8.005801,-9.486254
8.006801,-9.486254
8.007801,-9.486254
8.008801,-9.486254
8.009801,-9.486254
8.010801,-9.486254
8.011802,-9.492074
8.012801,-9.492074
8.013802,-9.492074
8.014802,-9.492074
8.015801,-9.492074
8.016802,-9.492074
8.017802,-9.492074
8.018803,-9.492074
8.019802,-9.498856
8.0208025,-9.498856
8.021803,-9.498856
8.022802,-9.498856
8.023803,-9.498856
8.024803,-9.498856
8.025803,-9.498856
8.026803,-9.498856
8.027803,-9.504916
8.028803,-9.504916
8.029803,-9.504916
8.030804,-9.504916
8.031803,-9.504916
8.032804,-9.504916
8.033804,-9.504916
8.034803,-9.504916
8.035804,-9.510637
8.036804,-9.510637
8.037804,-9.510637
8.038804,-9.510637
8.039804,-9.510637
8.040805,-9.510637
8.041804,-9.510637
8.042805,-9.510637
8.043805,-9.516324
8.044805,-9.516324
8.045805,-9.516324
8.046805,-9.516324
8.047805,-9.516324
8.048805,-9.516324
8.049806,-9.516324
8.050805,-9.521924
8.0518055,-9.521924
8.052806,-9.521924
8.053805,-9.521924
8.054806,-9.521924
8.055806,-9.521924
8.056806,-9.521924
8.057806,-9.521924
8.058806,-9.527805
8.059806,-9.527805
8.060806,-9.527805
8.061807,-9.527805
8.062806,-9.527805
8.063807,-9.527805
8.064807,-9.527805
8.065807,-9.527805
8.066807,-9.534285
8.067807,-9.534285
8.068808,-9.534285
8.069807,-9.534285
8.070807,-9.534285
8.071808,-9.534285
8.072807,-9.534285
8.073808,-9.534285
8.074808,-9.5394945
8.075808,-9.5394945
8.076808,-9.5394945
8.077808,-9.5394945
8.078808,-9.5394945
8.079808,-9.5394945
8.080809,-9.5394945
8.081808,-9.5394945
8.0828085,-9.547496
8.083809,-9.547496
8.084808,-9.547496
8.085809,-9.547496
8.086809,-9.547496
8.08781,-9.547496
8.088809,-9.547496
8.089809,-9.547496
8.09081,-9.553031
8.091809,-9.553031
8.09281,-9.553031
8.09381,-9.553031
8.09481,-9.553031
8.09581,-9.553031
8.09681,-9.553031
8.09781,-9.558445
8.09881,-9.558445
8.099811,-9.558445
8.10081,-9.558445
8.10181,-9.558445
8.102811,-9.558445
8.10381,-9.558445
8.104811,-9.558445
8.105811,-9.564136
8.106811,-9.564136
8.107811,-9.564136
8.108811,-9.564136
8.109811,-9.564136
8.110811,-9.564136
8.111812,-9.564136
8.112812,-9.564136
8.1138115,-9.571489
8.114812,-9.571489
8.115812,-9.571489
8.116812,-9.571489
8.117812,-9.571489
8.118813,-9.571489
8.119812,-9.571489
8.120812,-9.571489
8.121813,-9.5776825
8.122812,-9.5776825
8.123813,-9.5776825
8.124813,-9.5776825
8.125813,-9.5776825
8.126813,-9.5776825
8.127813,-9.5776825
8.128813,-9.5776825
8.129813,-9.583009
8.130814,-9.583009
8.131813,-9.583009
8.132813,-9.583009
8.133814,-9.583009
8.134814,-9.583009
8.135814,-9.583009
8.136814,-9.588568
8.1378145,-9.588568
8.138814,-9.588568
8.139814,-9.588568
8.140815,-9.588568
8.141814,-9.588568
8.142815,-9.588568
8.143815,-9.588568
8.1448145,-9.593976
8.145815,-9.593976
8.146815,-9.593976
8.147815,-9.593976
8.148815,-9.593976
8.149816,-9.593976
8.150815,-9.593976
8.151815,-9.593976
8.152816,-9.599743
8.153815,-9.599743
8.154816,-9.599743
8.155816,-9.599743
8.156816,-9.599743
8.157816,-9.599743
8.158816,-9.599743
8.159817,-9.599743
8.160816,-9.606648
8.161817,-9.606648
8.162817,-9.606648
8.163816,-9.606648
8.164817,-9.606648
8.165817,-9.606648
8.166817,-9.606648
8.167817,-9.606648
8.1688175,-9.612417
8.169817,-9.612417
8.170817,-9.612417
8.171818,-9.612417
8.172817,-9.612417
8.173818,-9.612417
8.174818,-9.612417
8.1758175,-9.619915
8.176818,-9.619915
8.177818,-9.619915
8.178818,-9.619915
8.179818,-9.619915
8.180819,-9.619915
8.181819,-9.619915
8.182818,-9.619915
8.183819,-9.625177
8.184819,-9.625177
8.185819,-9.625177
8.186819,-9.625177
8.1878195,-9.625177
8.188819,-9.625177
8.189819,-9.625177
8.19082,-9.625177
8.191819,-9.631002
8.19282,-9.631002
8.19382,-9.631002
8.194819,-9.631002
8.19582,-9.631002
8.19682,-9.631002
8.19782,-9.631002
8.19882,-9.631002
8.1998205,-9.637577
8.20082,-9.637577
8.20182,-9.637577
8.202821,-9.637577
8.20382,-9.637577
8.204821,-9.637577
8.205821,-9.637577
8.206821,-9.637577
8.207821,-9.643049
8.208821,-9.643049
8.209822,-9.643049
8.210821,-9.643049
8.211822,-9.643049
8.212822,-9.643049
8.213821,-9.643049
8.214822,-9.643049
8.215822,-9.649313
8.216822,-9.649313
8.217822,-9.649313
8.2188225,-9.649313
8.219822,-9.649313
8.220822,-9.649313
8.221823,-9.649313
8.222822,-9.655569
8.223823,-9.655569
8.224823,-9.655569
8.225822,-9.655569
8.226823,-9.655569
8.227823,-9.655569
8.228824,-9.655569
8.229823,-9.655569
8.2308235,-9.661147
8.231824,-9.661147
8.232823,-9.661147
8.233824,-9.661147
8.234824,-9.661147
8.235824,-9.661147
8.236824,-9.661147
8.237824,-9.661147
8.238824,-9.666861
8.239824,-9.666861
8.240825,-9.666861
8.241824,-9.666861
8.242825,-9.666861
8.243825,-9.666861
8.244824,-9.666861
8.245825,-9.666861
8.246825,-9.673544
8.247825,-9.673544
8.248825,-9.673544
8.2498255,-9.673544
8.250825,-9.673544
8.251825,-9.673544
8.252826,-9.673544
8.253826,-9.673544
8.254826,-9.67874
8.255826,-9.67874
8.256826,-9.67874
8.257826,-9.67874
8.258826,-9.67874
8.259827,-9.67874
8.260826,-9.67874
8.2618265,-9.686277
8.262827,-9.686277
8.263826,-9.686277
8.264827,-9.686277
8.265827,-9.686277
8.266827,-9.686277
8.267827,-9.686277
8.268827,-9.686277
8.269827,-9.691762
8.270827,-9.691762
8.271828,-9.691762
8.272827,-9.691762
8.273828,-9.691762
8.274828,-9.691762
8.275828,-9.691762
8.276828,-9.691762
8.277828,-9.697615
8.278829,-9.697615
8.279828,-9.697615
8.280828,-9.697615
8.281829,-9.697615
8.282828,-9.697615
8.283829,-9.697615
8.284829,-9.697615
8.285829,-9.704614
8.286829,-9.704614
8.287829,-9.704614
8.288829,-9.704614
8.289829,-9.704614
8.29083,-9.704614
8.291829,-9.704614
8.2928295,-9.704614
8.29383,-9.71012
8.294829,-9.71012
8.29583,-9.71012
8.29683,-9.71012
8.29783,-9.71012
8.29883,-9.71012
8.29983,-9.71012
8.300831,-9.715774
8.30183,-9.715774
8.302831,-9.715774
8.303831,-9.715774
8.304831,-9.715774
8.305831,-9.715774
8.306831,-9.715774
8.307831,-9.715774
8.308831,-9.721863
8.309832,-9.721863
8.310831,-9.721863
8.311831,-9.721863
8.312832,-9.721863
8.313831,-9.721863
8.314832,-9.721863
8.315832,-9.721863
8.316832,-9.7275715
8.317832,-9.7275715
8.318832,-9.7275715
8.319832,-9.7275715
8.320832,-9.7275715
8.321833,-9.7275715
8.322833,-9.7275715
8.3238325,-9.7275715
8.324833,-9.733168
8.325833,-9.733168
8.326833,-9.733168
8.327833,-9.733168
8.328834,-9.733168
8.329833,-9.733168
8.330833,-9.733168
8.331834,-9.733168
8.332833,-9.740073
8.333834,-9.740073
8.334834,-9.740073
8.335834,-9.740073
8.336834,-9.740073
8.337834,-9.740073
8.338834,-9.740073
8.339834,-9.740073
8.340835,-9.745566
8.341834,-9.745566
8.342834,-9.745566
8.343835,-9.745566
8.344834,-9.745566
8.345835,-9.745566
8.346835,-9.745566
8.347836,-9.751074
8.348835,-9.751074
8.349835,-9.751074
8.350836,-9.751074
8.351835,-9.751074
8.352836,-9.751074
8.353836,-9.751074
8.3548355,-9.751074
8.355836,-9.758816
8.356836,-9.758816
8.357836,-9.758816
8.358836,-9.758816
8.359837,-9.758816
8.360836,-9.758816
8.361836,-9.758816
8.362837,-9.758816
8.363836,-9.764509
8.364837,-9.764509
8.365837,-9.764509
8.366837,-9.764509
8.367837,-9.764509
8.368837,-9.764509
8.369838,-9.764509
8.370837,-9.764509
8.371838,-9.771088
8.372838,-9.771088
8.373837,-9.771088
8.374838,-9.771088
8.375838,-9.771088
8.376838,-9.771088
8.377838,-9.771088
8.378839,-9.771088
8.379838,-9.7762575
8.380838,-9.7762575
8.381839,-9.7762575
8.382838,-9.7762575
8.383839,-9.7762575
8.384839,-9.7762575
8.3858385,-9.7762575
8.386839,-9.782333
8.387839,-9.782333
8.388839,-9.782333
8.389839,-9.782333
8.39084,-9.782333
8.39184,-9.782333
8.392839,-9.782333
8.39384,-9.782333
8.39484,-9.787475
8.39584,-9.787475
8.39684,-9.787475
8.3978405,-9.787475
8.39884,-9.787475
8.39984,-9.787475
8.400841,-9.787475
8.40184,-9.787475
8.402841,-9.79447
8.403841,-9.79447
8.40484,-9.79447
8.405841,-9.79447
8.406841,-9.79447
8.407841,-9.79447
8.408841,-9.79447
8.409842,-9.79447
8.410841,-9.799881
8.411841,-9.799881
8.412842,-9.799881
8.413841,-9.799881
8.414842,-9.799881
8.415842,-9.799881
8.416842,-9.799881
8.417842,-9.799881
8.418842,-9.806377
8.419843,-9.806377
8.420842,-9.806377
8.421843,-9.806377
8.422843,-9.806377
8.423842,-9.806377
8.424843,-9.806377
8.425843,-9.812215
8.426843,-9.812215
8.427843,-9.812215
8.4288435,-9.812215
8.429843,-9.812215
8.430843,-9.812215
8.431844,-9.812215
8.432843,-9.812215
8.433844,-9.817567
8.434844,-9.817567
8.435843,-9.817567
8.436844,-9.817567
8.437844,-9.817567
8.438845,-9.817567
8.439844,-9.817567
8.440845,-9.817567
8.441845,-9.825613
8.442844,-9.825613
8.443845,-9.825613
8.444845,-9.825613
8.445845,-9.825613
8.446845,-9.825613
8.447845,-9.825613
8.448845,-9.825613
8.449845,-9.830781
8.450846,-9.830781
8.451845,-9.830781
8.452846,-9.830781
8.453846,-9.830781
8.454845,-9.830781
8.455846,-9.830781
8.456846,-9.830781
8.457846,-9.836544
8.458846,-9.836544
8.4598465,-9.836544
8.460846,-9.836544
8.461846,-9.836544
8.462847,-9.836544
8.463847,-9.836544
8.464847,-9.842796
8.465847,-9.842796
8.466847,-9.842796
8.467847,-9.842796
8.468847,-9.842796
8.469848,-9.842796
8.470847,-9.842796
8.471848,-9.842796
8.472848,-9.848664
8.473847,-9.848664
8.474848,-9.848664
8.475848,-9.848664
8.476848,-9.848664
8.477848,-9.848664
8.478848,-9.848664
8.479848,-9.848664
8.480848,-9.854708
8.481849,-9.854708
8.482848,-9.854708
8.483849,-9.854708
8.484849,-9.854708
8.485849,-9.854708
8.486849,-9.854708
8.487849,-9.854708
8.48885,-9.860146
8.489849,-9.860146
8.4908495,-9.860146
8.49185,-9.860146
8.492849,-9.860146
8.49385,-9.860146
8.49485,-9.860146
8.49585,-9.860146
8.49685,-9.865907
8.49785,-9.865907
8.49885,-9.865907
8.49985,-9.865907
8.500851,-9.865907
8.50185,-9.865907
8.502851,-9.865907
8.503851,-9.865907
8.50485,-9.873138
8.505851,-9.873138
8.506851,-9.873138
8.507851,-9.873138
8.508851,-9.873138
8.509851,-9.873138
8.510852,-9.873138
8.511851,-9.878504
8.512852,-9.878504
8.513852,-9.878504
8.514852,-9.878504
8.515852,-9.878504
8.516852,-9.878504
8.517852,-9.878504
8.518852,-9.878504
8.519853,-9.884235
8.520852,-9.884235
8.5218525,-9.884235
8.522853,-9.884235
8.523852,-9.884235
8.524853,-9.884235
8.525853,-9.884235
8.526853,-9.884235
8.527853,-9.8901005
8.528853,-9.8901005
8.529853,-9.8901005
8.530853,-9.8901005
8.531854,-9.8901005
8.532854,-9.8901005
8.533854,-9.8901005
8.534854,-9.8901005
8.535854,-9.897158
8.536854,-9.897158
8.537854,-9.897158
8.538855,-9.897158
8.539854,-9.897158
8.540854,-9.897158
8.541855,-9.897158
8.542854,-9.897158
8.543855,-9.903178
8.544855,-9.903178
8.545855,-9.903178
8.546855,-9.903178
8.547855,-9.903178
8.548855,-9.903178
8.549855,-9.903178
8.550856,-9.909859
8.551855,-9.909859
8.5528555,-9.909859
8.553856,-9.909859
8.554855,-9.909859
8.555856,-9.909859
8.556856,-9.909859
8.557857,-9.909859
8.558856,-9.915321
8.559856,-9.915321
8.560857,-9.915321
8.561856,-9.915321
8.562857,-9.915321
8.563857,-9.915321
8.564857,-9.915321
8.565857,-9.915321
8.566857,-9.920984
8.567857,-9.920984
8.568857,-9.920984
8.569858,-9.920984
8.570857,-9.920984
8.571857,-9.920984
8.572858,-9.920984
8.573857,-9.920984
8.574858,-9.926473
8.575858,-9.926473
8.576858,-9.926473
8.577858,-9.926473
8.578858,-9.926473
8.579859,-9.926473
8.580858,-9.926473
8.581859,-9.926473
8.582859,-9.932035
8.5838585,-9.932035
8.584859,-9.932035
8.585859,-9.932035
8.586859,-9.932035
8.587859,-9.932035
8.58886,-9.932035
8.589859,-9.938474
8.590859,-9.938474
8.59186,-9.938474
8.592859,-9.938474
8.59386,-9.938474
8.59486,-9.938474
8.59586,-9.938474
8.59686,-9.938474
8.59786,-9.94556
8.59886,-9.94556
8.59986,-9.94556
8.600861,-9.94556
8.60186,-9.94556
8.60286,-9.94556
8.603861,-9.94556
8.604861,-9.94556
8.605861,-9.950996
8.606861,-9.950996
8.6078615,-9.950996
8.608861,-9.950996
8.609861,-9.950996
8.610862,-9.950996
8.611861,-9.950996
8.612862,-9.950996
8.613862,-9.956691
8.6148615,-9.956691
8.615862,-9.956691
8.616862,-9.956691
8.617862,-9.956691
8.618862,-9.956691
8.619863,-9.956691
8.620862,-9.956691
8.621862,-9.962452
8.622863,-9.962452
8.623862,-9.962452
8.624863,-9.962452
8.625863,-9.962452
8.6268635,-9.962452
8.627863,-9.962452
8.628863,-9.962452
8.629864,-9.969401
8.630863,-9.969401
8.631864,-9.969401
8.632864,-9.969401
8.633863,-9.969401
8.634864,-9.969401
8.635864,-9.969401
8.636864,-9.976087
8.637864,-9.976087
8.6388645,-9.976087
8.639864,-9.976087
8.640864,-9.976087
8.641865,-9.976087
8.642864,-9.976087
8.643865,-9.976087
8.644865,-9.981818
8.6458645,-9.981818
8.646865,-9.981818
8.647865,-9.981818
8.648865,-9.981818
8.649865,-9.981818
8.650866,-9.981818
8.651866,-9.981818
8.652865,-9.987605
8.653866,-9.987605
8.654866,-9.987605
8.655866,-9.987605
8.656866,-9.987605
8.6578665,-9.987605
8.658866,-9.987605
8.659866,-9.987605
8.660867,-9.992957
8.661866,-9.992957
8.662867,-9.992957
8.663867,-9.992957
8.664866,-9.992957
8.665867,-9.992957
8.666867,-9.992957
8.667867,-9.992957
8.668867,-9.998804
8.6698675,-9.998804
8.670867,-9.998804
8.671867,-9.998804
8.672868,-9.998804
8.673868,-9.998804
8.674868,-9.998804
8.675868,-10.004592
8.676868,-10.004592
8.677868,-10.004592
8.678868,-10.004592
8.679869,-10.004592
8.680868,-10.004592
8.681869,-10.004592
8.682869,-10.004592
8.683868,-10.011066
8.684869,-10.011066
8.685869,-10.011066
8.686869,-10.011066
8.687869,-10.011066
8.688869,-10.011066
8.689869,-10.011066
8.690869,-10.011066
8.69187,-10.017748
8.692869,-10.017748
8.69387,-10.017748
8.69487,-10.017748
8.695869,-10.017748
8.69687,-10.017748
8.69787,-10.017748
8.698871,-10.017748
8.69987,-10.022919
8.7008705,-10.022919
8.701871,-10.022919
8.70287,-10.022919
8.703871,-10.022919
8.704871,-10.022919
8.705871,-10.022919
8.706871,-10.022919
8.707871,-10.029062
8.708871,-10.029062
8.709871,-10.029062
8.710872,-10.029062
8.711871,-10.029062
8.712872,-10.029062
8.713872,-10.029062
8.714871,-10.036116
8.715872,-10.036116
8.716872,-10.036116
8.717872,-10.036116
8.718872,-10.036116
8.719872,-10.036116
8.720873,-10.036116
8.721872,-10.036116
8.722873,-10.042972
8.723873,-10.042972
8.724873,-10.042972
8.725873,-10.042972
8.726873,-10.042972
8.727873,-10.042972
8.728873,-10.042972
8.729874,-10.042972
8.730873,-10.048314
8.7318735,-10.048314
8.732874,-10.048314
8.733873,-10.048314
8.734874,-10.048314
8.735874,-10.048314
8.736874,-10.048314
8.737874,-10.048314
8.738874,-10.054066
8.739874,-10.054066
8.740874,-10.054066
8.741875,-10.054066
8.742874,-10.054066
8.743875,-10.054066
8.744875,-10.054066
8.745875,-10.054066
8.746875,-10.059734
8.747875,-10.059734
8.748876,-10.059734
8.749875,-10.059734
8.750875,-10.059734
8.751876,-10.059734
8.752875,-10.059734
8.753876,-10.059734
8.754876,-10.065048
8.755876,-10.065048
8.756876,-10.065048
8.757876,-10.065048
8.758876,-10.065048
8.759876,-10.065048
8.760877,-10.065048
8.761876,-10.071408
8.7628765,-10.071408
8.763877,-10.071408
8.764876,-10.071408
8.765877,-10.071408
8.766877,-10.071408
8.767878,-10.071408
8.768877,-10.071408
8.769877,-10.077518
8.770878,-10.077518
8.771877,-10.077518
8.772878,-10.077518
8.773878,-10.077518
8.774878,-10.077518
8.775878,-10.077518
8.776878,-10.077518
8.777878,-10.083265
8.778878,-10.083265
8.779879,-10.083265
8.780878,-10.083265
8.781878,-10.083265
8.782879,-10.083265
8.783878,-10.083265
8.784879,-10.083265
8.785879,-10.088564
8.786879,-10.088564
8.787879,-10.088564
8.788879,-10.088564
8.78988,-10.088564
8.790879,-10.088564
8.79188,-10.088564
8.79288,-10.088564
8.7938795,-10.094957
8.79488,-10.094957
8.79588,-10.094957
8.79688,-10.094957
8.79788,-10.094957
8.798881,-10.094957
8.79988,-10.094957
8.80088,-10.100728
8.801881,-10.100728
8.80288,-10.100728
8.803881,-10.100728
8.804881,-10.100728
8.805881,-10.100728
8.806881,-10.100728
8.807881,-10.100728
8.808881,-10.109261
8.809881,-10.109261
8.810882,-10.109261
8.811881,-10.109261
8.812881,-10.109261
8.813882,-10.109261
8.814882,-10.109261
8.815882,-10.109261
8.816882,-10.114893
8.817883,-10.114893
8.818882,-10.114893
8.819882,-10.114893
8.820883,-10.114893
8.821882,-10.114893
8.822883,-10.114893
8.823883,-10.114893
8.8248825,-10.12044
8.825883,-10.12044
8.826883,-10.12044
8.827883,-10.12044
8.828883,-10.12044
8.829884,-10.12044
8.830883,-10.12044
8.831883,-10.12044
8.832884,-10.126268
8.833883,-10.126268
8.834884,-10.126268
8.835884,-10.126268
8.8368845,-10.126268
8.837884,-10.126268
8.838884,-10.126268
8.839885,-10.131856
8.840884,-10.131856
8.841885,-10.131856
8.842885,-10.131856
8.843884,-10.131856
8.844885,-10.131856
8.845885,-10.131856
8.846885,-10.131856
8.847885,-10.137539
8.848886,-10.137539
8.849885,-10.137539
8.850885,-10.137539
8.851886,-10.137539
8.852885,-10.137539
8.853886,-10.137539
8.854886,-10.137539
8.8558855,-10.143682
8.856886,-10.143682
8.857886,-10.143682
8.858886,-10.143682
8.859886,-10.143682
8.860887,-10.143682
8.861887,-10.143682
8.862886,-10.143682
8.863887,-10.149242
8.864887,-10.149242
8.865887,-10.149242
8.866887,-10.149242
8.8678875,-10.149242
8.868887,-10.149242
8.869887,-10.149242
8.870888,-10.149242
8.871887,-10.155317
8.872888,-10.155317
8.873888,-10.155317
8.874887,-10.155317
8.875888,-10.155317
8.876888,-10.155317
8.877888,-10.155317
8.878888,-10.155317
8.879889,-10.161037
8.880888,-10.161037
8.881888,-10.161037
8.882889,-10.161037
8.883889,-10.161037
8.884889,-10.161037
8.885889,-10.161037
8.886889,-10.16742
8.887889,-10.16742
8.888889,-10.16742
8.88989,-10.16742
8.890889,-10.16742
8.89189,-10.16742
8.89289,-10.16742
8.893889,-10.16742
8.89489,-10.17275
8.89589,-10.17275
8.89689,-10.17275
8.89789,-10.17275
8.8988905,-10.17275
8.89989,-10.17275
8.90089,-10.17275
8.901891,-10.17275
8.90289,-10.181379
8.903891,-10.181379
8.904891,-10.181379
8.90589,-10.181379
8.906891,-10.181379
8.907891,-10.181379
8.908892,-10.181379
8.909891,-10.181379
8.910892,-10.186546
8.911892,-10.186546
8.912891,-10.186546
8.913892,-10.186546
8.914892,-10.186546
8.915892,-10.186546
8.916892,-10.186546
8.917892,-10.186546
8.918892,-10.192633
8.919892,-10.192633
8.920893,-10.192633
8.921892,-10.192633
8.922893,-10.192633
8.923893,-10.192633
8.924892,-10.192633
8.925893,-10.198223
8.926893,-10.198223
8.927893,-10.198223
8.928893,-10.198223
8.9298935,-10.198223
8.930894,-10.198223
8.931893,-10.198223
8.932894,-10.198223
8.933894,-10.203695
8.934894,-10.203695
8.935894,-10.203695
8.936894,-10.203695
8.937894,-10.203695
8.938894,-10.203695
8.939895,-10.203695
8.940894,-10.203695
8.941895,-10.210469
8.942895,-10.210469
8.943894,-10.210469
8.944895,-10.210469
8.945895,-10.210469
8.946895,-10.210469
8.947895,-10.210469
8.948895,-10.210469
8.949895,-10.215866
8.950895,-10.215866
8.951896,-10.215866
8.952895,-10.215866
8.953896,-10.215866
8.954896,-10.215866
8.955896,-10.215866
8.956896,-10.215866
8.957896,-10.221289
8.958897,-10.221289
8.959896,-10.221289
8.9608965,-10.221289
8.961897,-10.221289
8.962896,-10.221289
8.963897,-10.221289
8.964897,-10.2270355
8.965897,-10.2270355
8.966897,-10.2270355
8.967897,-10.2270355
8.968897,-10.2270355
8.969897,-10.2270355
8.970898,-10.2270355
8.971897,-10.2270355
8.972898,-10.232826
8.973898,-10.232826
8.974897,-10.232826
8.975898,-10.232826
8.976898,-10.232826
8.977899,-10.232826
8.978898,-10.232826
8.979898,-10.232826
8.980899,-10.239087
8.981898,-10.239087
8.982899,-10.239087
8.983899,-10.239087
8.984899,-10.239087
8.985899,-10.239087
8.986899,-10.239087
8.987899,-10.239087
8.988899,-10.247549
8.9899,-10.247549
8.990899,-10.247549
8.9918995,-10.247549
8.9929,-10.247549
8.993899,-10.247549
8.9949,-10.247549
8.9959,-10.247549
8.9969,-10.252881
8.9979,-10.252881
8.9989,-10.252881
8.9999,-10.252881
9.0009,-10.252881
9.001901,-10.252881
9.002901,-10.252881
9.003901,-10.252881
9.004901,-10.258898
9.005901,-10.258898
9.006901,-10.258898
9.007901,-10.258898
9.008902,-10.258898
9.009901,-10.258898
9.010901,-10.258898
9.011902,-10.264632
9.012901,-10.264632
9.013902,-10.264632
9.014902,-10.264632
9.015902,-10.264632
9.016902,-10.264632
9.017902,-10.264632
9.018902,-10.264632
9.019902,-10.269918
9.020903,-10.269918
9.021902,-10.269918
9.0229025,-10.269918
9.023903,-10.269918
9.024903,-10.269918
9.025903,-10.269918
9.026903,-10.269918
9.027904,-10.27637
9.028903,-10.27637
9.029903,-10.27637
9.030904,-10.27637
9.031903,-10.27637
9.032904,-10.27637
9.033904,-10.27637
9.034904,-10.27637
9.035904,-10.282045
9.036904,-10.282045
9.037904,-10.282045
9.038904,-10.282045
9.039905,-10.282045
9.040904,-10.282045
9.041904,-10.282045
9.042905,-10.282045
9.043904,-10.288233
9.044905,-10.288233
9.045905,-10.288233
9.046905,-10.288233
9.047905,-10.288233
9.048905,-10.288233
9.049906,-10.288233
9.050905,-10.293321
9.051906,-10.293321
9.052906,-10.293321
9.0539055,-10.293321
9.054906,-10.293321
9.055906,-10.293321
9.056906,-10.293321
9.057906,-10.293321
9.058907,-10.299075
9.059906,-10.299075
9.060906,-10.299075
9.061907,-10.299075
9.062906,-10.299075
9.063907,-10.299075
9.064907,-10.299075
9.065907,-10.299075
9.066907,-10.304543
9.067907,-10.304543
9.068907,-10.304543
9.069907,-10.304543
9.070908,-10.304543
9.071908,-10.304543
9.072907,-10.304543
9.073908,-10.304543
9.074908,-10.310919
9.075908,-10.310919
9.076908,-10.310919
9.0779085,-10.310919
9.078908,-10.310919
9.079908,-10.310919
9.080909,-10.310919
9.081908,-10.310919
9.082909,-10.320022
9.083909,-10.320022
9.0849085,-10.320022
9.085909,-10.320022
9.086909,-10.320022
9.087909,-10.320022
9.088909,-10.320022
9.08991,-10.325609
9.090909,-10.325609
9.091909,-10.325609
9.09291,-10.325609
9.093909,-10.325609
9.09491,-10.325609
9.09591,-10.325609
9.09691,-10.325609
9.09791,-10.331076
9.09891,-10.331076
9.099911,-10.331076
9.10091,-10.331076
9.101911,-10.331076
9.102911,-10.331076
9.10391,-10.331076
9.104911,-10.331076
9.105911,-10.336369
9.106911,-10.336369
9.107911,-10.336369
9.1089115,-10.336369
9.109911,-10.336369
9.110911,-10.336369
9.111912,-10.336369
9.112911,-10.336369
9.113912,-10.342206
9.114912,-10.342206
9.1159115,-10.342206
9.116912,-10.342206
9.117912,-10.342206
9.118913,-10.342206
9.119912,-10.342206
9.120913,-10.342206
9.121913,-10.348616
9.122912,-10.348616
9.123913,-10.348616
9.124913,-10.348616
9.125913,-10.348616
9.126913,-10.348616
9.127913,-10.348616
9.128913,-10.354376
9.129913,-10.354376
9.130914,-10.354376
9.131913,-10.354376
9.132914,-10.354376
9.133914,-10.354376
9.134913,-10.354376
9.135914,-10.354376
9.136914,-10.360109
9.137914,-10.360109
9.138914,-10.360109
9.1399145,-10.360109
9.140915,-10.360109
9.141914,-10.360109
9.142915,-10.360109
9.143915,-10.360109
9.144915,-10.365586
9.145915,-10.365586
9.146915,-10.365586
9.147915,-10.365586
9.148915,-10.365586
9.149916,-10.365586
9.150915,-10.365586
9.151916,-10.365586
9.152916,-10.371397
9.153915,-10.371397
9.154916,-10.371397
9.155916,-10.371397
9.156916,-10.371397
9.157916,-10.371397
9.158916,-10.371397
9.159916,-10.371397
9.160916,-10.377828
9.161917,-10.377828
9.162916,-10.377828
9.163917,-10.377828
9.164917,-10.377828
9.165917,-10.377828
9.166917,-10.377828
9.167917,-10.377828
9.168918,-10.383366
9.169917,-10.383366
9.1709175,-10.383366
9.171918,-10.383366
9.172917,-10.383366
9.173918,-10.383366
9.174918,-10.383366
9.175918,-10.39146
9.176918,-10.39146
9.177918,-10.39146
9.178918,-10.39146
9.179918,-10.39146
9.180919,-10.39146
9.181918,-10.39146
9.182919,-10.39146
9.183919,-10.397224
9.184918,-10.397224
9.185919,-10.397224
9.186919,-10.397224
9.18792,-10.397224
9.188919,-10.397224
9.189919,-10.397224
9.19092,-10.397224
9.191919,-10.402687
9.19292,-10.402687
9.19392,-10.402687
9.19492,-10.402687
9.19592,-10.402687
9.19692,-10.402687
9.19792,-10.402687
9.19892,-10.402687
9.199921,-10.408802
9.20092,-10.408802
9.2019205,-10.408802
9.202921,-10.408802
9.20392,-10.408802
9.204921,-10.408802
9.205921,-10.408802
9.206921,-10.408802
9.207921,-10.415438
9.208921,-10.415438
9.209921,-10.415438
9.210921,-10.415438
9.211922,-10.415438
9.212922,-10.415438
9.213922,-10.415438
9.214922,-10.420599
9.215922,-10.420599
9.216922,-10.420599
9.217922,-10.420599
9.218923,-10.420599
9.219922,-10.420599
9.220922,-10.420599
9.221923,-10.420599
9.222922,-10.426348
9.223923,-10.426348
9.224923,-10.426348
9.225923,-10.426348
9.226923,-10.426348
9.227923,-10.426348
9.228923,-10.426348
9.229923,-10.426348
9.230924,-10.431718
9.231923,-10.431718
9.2329235,-10.431718
9.233924,-10.431718
9.234924,-10.431718
9.235924,-10.431718
9.236924,-10.431718
9.237925,-10.431718
9.238924,-10.437663
9.239924,-10.437663
9.240925,-10.437663
9.241924,-10.437663
9.242925,-10.437663
9.243925,-10.437663
9.244925,-10.437663
9.245925,-10.437663
9.246925,-10.443996
9.247925,-10.443996
9.248925,-10.443996
9.249926,-10.443996
9.250925,-10.443996
9.251925,-10.443996
9.252926,-10.443996
9.253925,-10.449714
9.254926,-10.449714
9.255926,-10.449714
9.256926,-10.449714
9.257926,-10.449714
9.258926,-10.449714
9.259927,-10.449714
9.260926,-10.449714
9.261927,-10.456844
9.262927,-10.456844
9.2639265,-10.456844
9.264927,-10.456844
9.265927,-10.456844
9.266927,-10.456844
9.267927,-10.456844
9.268928,-10.456844
9.269927,-10.463398
9.270927,-10.463398
9.271928,-10.463398
9.272927,-10.463398
9.273928,-10.463398
9.274928,-10.463398
9.275928,-10.463398
9.276928,-10.463398
9.277928,-10.469242
9.278928,-10.469242
9.279928,-10.469242
9.280929,-10.469242
9.281929,-10.469242
9.282928,-10.469242
9.283929,-10.469242
9.284929,-10.469242
9.285929,-10.474707
9.286929,-10.474707
9.28793,-10.474707
9.288929,-10.474707
9.289929,-10.474707
9.29093,-10.474707
9.291929,-10.474707
9.29293,-10.474707
9.29393,-10.481411
9.2949295,-10.481411
9.29593,-10.481411
9.29693,-10.481411
9.29793,-10.481411
9.29893,-10.481411
9.299931,-10.481411
9.30093,-10.487047
9.30193,-10.487047
9.302931,-10.487047
9.30393,-10.487047
9.304931,-10.487047
9.305931,-10.487047
9.3069315,-10.487047
9.307931,-10.487047
9.308931,-10.492714
9.309932,-10.492714
9.310931,-10.492714
9.311932,-10.492714
9.312932,-10.492714
9.313931,-10.492714
9.314932,-10.492714
9.315932,-10.492714
9.316932,-10.497819
9.317932,-10.497819
9.318933,-10.497819
9.319932,-10.497819
9.320932,-10.497819
9.321933,-10.497819
9.322932,-10.497819
9.323933,-10.497819
9.324933,-10.503906
9.3259325,-10.503906
9.326933,-10.503906
9.327933,-10.503906
9.328934,-10.503906
9.329933,-10.503906
9.330934,-10.503906
9.331934,-10.503906
9.332933,-10.509426
9.333934,-10.509426
9.334934,-10.509426
9.335934,-10.509426
9.336934,-10.509426
9.3379345,-10.509426
9.338934,-10.509426
9.339934,-10.515638
9.340935,-10.515638
9.341934,-10.515638
9.342935,-10.515638
9.343935,-10.515638
9.344934,-10.515638
9.345935,-10.515638
9.346935,-10.515638
9.347935,-10.521395
9.348935,-10.521395
9.349936,-10.521395
9.350935,-10.521395
9.351935,-10.521395
9.352936,-10.521395
9.353936,-10.521395
9.354936,-10.521395
9.355936,-10.528743
9.356936,-10.528743
9.357936,-10.528743
9.358936,-10.528743
9.359937,-10.528743
9.360936,-10.528743
9.361937,-10.528743
9.362937,-10.528743
9.363936,-10.534837
9.364937,-10.534837
9.365937,-10.534837
9.366937,-10.534837
9.367937,-10.534837
9.3689375,-10.534837
9.369937,-10.534837
9.370937,-10.534837
9.371938,-10.541118
9.372937,-10.541118
9.373938,-10.541118
9.374938,-10.541118
9.375938,-10.541118
9.376938,-10.541118
9.377938,-10.541118
9.378939,-10.547333
9.379938,-10.547333
9.380939,-10.547333
9.381939,-10.547333
9.382938,-10.547333
9.383939,-10.547333
9.384939,-10.547333
9.385939,-10.547333
9.386939,-10.552896
9.387939,-10.552896
9.388939,-10.552896
9.389939,-10.552896
9.39094,-10.552896
9.391939,-10.552896
9.39294,-10.552896
9.39394,-10.552896
9.394939,-10.5585375
9.39594,-10.5585375
9.39694,-10.5585375
9.39794,-10.5585375
9.39894,-10.5585375
9.3999405,-10.5585375
9.400941,-10.5585375
9.40194,-10.5585375
9.402941,-10.564476
9.403941,-10.564476
9.404941,-10.564476
9.405941,-10.564476
9.406941,-10.564476
9.407941,-10.564476
9.408941,-10.564476
9.409942,-10.564476
9.410941,-10.570098
9.411942,-10.570098
9.412942,-10.570098
9.413941,-10.570098
9.414942,-10.570098
9.415942,-10.570098
9.416942,-10.570098
9.417942,-10.570098
9.418942,-10.575852
9.419942,-10.575852
9.420942,-10.575852
9.421943,-10.575852
9.422943,-10.575852
9.423943,-10.575852
9.424943,-10.575852
9.425943,-10.582025
9.426943,-10.582025
9.427943,-10.582025
9.428944,-10.582025
9.429943,-10.582025
9.4309435,-10.582025
9.431944,-10.582025
9.432943,-10.582025
9.433944,-10.587723
9.434944,-10.587723
9.435944,-10.587723
9.436944,-10.587723
9.437944,-10.587723
9.438944,-10.587723
9.439944,-10.587723
9.440945,-10.587723
9.441944,-10.595274
9.442945,-10.595274
9.443945,-10.595274
9.444944,-10.595274
9.445945,-10.595274
9.446945,-10.595274
9.447946,-10.595274
9.448945,-10.595274
9.449945,-10.600534
9.450946,-10.600534
9.451945,-10.600534
9.452946,-10.600534
9.453946,-10.600534
9.454946,-10.600534
9.455946,-10.600534
9.456946,-10.600534
9.457946,-10.605896
9.458946,-10.605896
9.459947,-10.605896
9.460946,-10.605896
9.4619465,-10.605896
9.462947,-10.605896
9.463946,-10.605896
9.464947,-10.6137295
9.465947,-10.6137295
9.466947,-10.6137295
9.467947,-10.6137295
9.468947,-10.6137295
9.469948,-10.6137295
9.470947,-10.6137295
9.471948,-10.6137295
9.472948,-10.619259
9.473948,-10.619259
9.474948,-10.619259
9.475948,-10.619259
9.476948,-10.619259
9.477948,-10.619259
9.478949,-10.619259
9.479948,-10.619259
9.480948,-10.624957
9.481949,-10.624957
9.482948,-10.624957
9.483949,-10.624957
9.484949,-10.624957
9.485949,-10.624957
9.486949,-10.624957
9.487949,-10.624957
9.488949,-10.630855
9.489949,-10.630855
9.49095,-10.630855
9.491949,-10.630855
9.4929495,-10.630855
9.49395,-10.630855
9.49495,-10.630855
9.49595,-10.630855
9.49695,-10.636165
9.497951,-10.636165
9.49895,-10.636165
9.49995,-10.636165
9.500951,-10.636165
9.50195,-10.636165
9.502951,-10.636165
9.503951,-10.642061
9.504951,-10.642061
9.505951,-10.642061
9.506951,-10.642061
9.507951,-10.642061
9.508951,-10.642061
9.509952,-10.642061
9.510951,-10.642061
9.511951,-10.648241
9.512952,-10.648241
9.513951,-10.648241
9.514952,-10.648241
9.515952,-10.648241
9.5169525,-10.648241
9.517952,-10.648241
9.518952,-10.648241
9.519953,-10.654215
9.520952,-10.654215
9.521953,-10.654215
9.522953,-10.654215
9.5239525,-10.654215
9.524953,-10.654215
9.525953,-10.654215
9.526953,-10.654215
9.527953,-10.659953
9.528954,-10.659953
9.529953,-10.659953
9.530953,-10.659953
9.531954,-10.659953
9.532953,-10.659953
9.533954,-10.659953
9.534954,-10.659953
9.5359535,-10.667086
9.536954,-10.667086
9.537954,-10.667086
9.538955,-10.667086
9.539954,-10.667086
9.540955,-10.667086
9.541955,-10.667086
9.542954,-10.667086
9.543955,-10.672775
9.544955,-10.672775
9.545955,-10.672775
9.546955,-10.672775
9.5479555,-10.672775
9.548955,-10.672775
9.549955,-10.672775
9.550956,-10.678064
9.551955,-10.678064
9.552956,-10.678064
9.553956,-10.678064
9.5549555,-10.678064
9.555956,-10.678064
9.556956,-10.678064
9.557956,-10.678064
9.558956,-10.685956
9.559957,-10.685956
9.560956,-10.685956
9.561956,-10.685956
9.562957,-10.685956
9.563957,-10.685956
9.564957,-10.685956
9.565957,-10.685956
9.566957,-10.691099
9.567957,-10.691099
9.568957,-10.691099
9.569958,-10.691099
9.570957,-10.691099
9.571958,-10.691099
9.572958,-10.691099
9.573957,-10.691099
9.574958,-10.6970825
9.575958,-10.6970825
9.576958,-10.6970825
9.577958,-10.6970825
9.5789585,-10.6970825
9.579958,-10.6970825
9.580958,-10.6970825
9.581959,-10.6970825
9.582958,-10.70218
9.583959,-10.70218
9.584959,-10.70218
9.585959,-10.70218
9.586959,-10.70218
9.587959,-10.70218
9.58896,-10.70218
9.589959,-10.707877
9.59096,-10.707877
9.59196,-10.707877
9.592959,-10.707877
9.59396,-10.707877
9.59496,-10.707877
9.59596,-10.707877
9.59696,-10.707877
9.59796,-10.7145815
9.59896,-10.7145815
9.59996,-10.7145815
9.600961,-10.7145815
9.60196,-10.7145815
9.602961,-10.7145815
9.603961,-10.7145815
9.60496,-10.7145815
9.605961,-10.720263
9.606961,-10.720263
9.607961,-10.720263
9.608961,-10.720263
9.6099615,-10.720263
9.610962,-10.720263
9.611961,-10.720263
9.612962,-10.720263
9.613962,-10.725784
9.614962,-10.725784
9.615962,-10.725784
9.616962,-10.725784
9.617962,-10.725784
9.618962,-10.725784
9.619963,-10.725784
9.620962,-10.725784
9.621963,-10.731305
9.622963,-10.731305
9.623962,-10.731305
9.624963,-10.731305
9.625963,-10.731305
9.626963,-10.731305
9.627963,-10.731305
9.628963,-10.739116
9.629963,-10.739116
9.630963,-10.739116
9.631964,-10.739116
9.632964,-10.739116
9.633964,-10.739116
9.634964,-10.739116
9.635964,-10.739116
9.636964,-10.744318
9.637964,-10.744318
9.638965,-10.744318
9.639964,-10.744318
9.6409645,-10.744318
9.641965,-10.744318
9.642964,-10.744318
9.643965,-10.744318
9.644965,-10.751216
9.645965,-10.751216
9.646965,-10.751216
9.647965,-10.751216
9.648965,-10.751216
9.649965,-10.751216
9.650966,-10.751216
9.651965,-10.751216
9.652966,-10.756284
9.653966,-10.756284
9.654965,-10.756284
9.655966,-10.756284
9.656966,-10.756284
9.657967,-10.756284
9.658966,-10.756284
9.659966,-10.756284
9.660967,-10.762904
9.661966,-10.762904
9.662967,-10.762904
9.663967,-10.762904
9.664967,-10.762904
9.665967,-10.762904
9.666967,-10.762904
9.667967,-10.762904
9.668967,-10.768563
9.669968,-10.768563
9.670967,-10.768563
9.6719675,-10.768563
9.672968,-10.768563
9.673967,-10.768563
9.674968,-10.768563
9.675968,-10.773783
9.676968,-10.773783
9.677968,-10.773783
9.678968,-10.773783
9.679969,-10.773783
9.680968,-10.773783
9.681969,-10.773783
9.682969,-10.773783
9.683969,-10.781034
9.684969,-10.781034
9.685969,-10.781034
9.686969,-10.781034
9.687969,-10.781034
9.68897,-10.781034
9.689969,-10.781034
9.690969,-10.781034
9.69197,-10.786387
9.692969,-10.786387
9.69397,-10.786387
9.69497,-10.786387
9.69597,-10.786387
9.69697,-10.786387
9.69797,-10.786387
9.69897,-10.786387
9.69997,-10.791883
9.700971,-10.791883
9.70197,-10.791883
9.7029705,-10.791883
9.703971,-10.791883
9.704971,-10.791883
9.705971,-10.791883
9.706971,-10.791883
9.707972,-10.797319
9.708971,-10.797319
9.709971,-10.797319
9.710972,-10.797319
9.711971,-10.797319
9.712972,-10.797319
9.713972,-10.797319
9.714972,-10.804959
9.715972,-10.804959
9.716972,-10.804959
9.717972,-10.804959
9.718972,-10.804959
9.719973,-10.804959
9.720972,-10.804959
9.721972,-10.804959
9.722973,-10.810207
9.723972,-10.810207
9.724973,-10.810207
9.725973,-10.810207
9.726974,-10.810207
9.727973,-10.810207
9.728973,-10.810207
9.729974,-10.810207
9.730973,-10.816852
9.731974,-10.816852
9.732974,-10.816852
9.7339735,-10.816852
9.734974,-10.816852
9.735974,-10.816852
9.736974,-10.816852
9.737974,-10.816852
9.738975,-10.822932
9.739974,-10.822932
9.740974,-10.822932
9.741975,-10.822932
9.742974,-10.822932
9.743975,-10.822932
9.744975,-10.822932
9.745975,-10.822932
9.746975,-10.827986
9.747975,-10.827986
9.748975,-10.827986
9.749975,-10.827986
9.750976,-10.827986
9.751976,-10.827986
9.752975,-10.827986
9.753976,-10.834671
9.754976,-10.834671
9.755976,-10.834671
9.756976,-10.834671
9.757977,-10.834671
9.758976,-10.834671
9.759976,-10.834671
9.760977,-10.834671
9.761976,-10.840467
9.762977,-10.840467
9.763977,-10.840467
9.7649765,-10.840467
9.765977,-10.840467
9.766977,-10.840467
9.767977,-10.840467
9.768977,-10.840467
9.769978,-10.84599
9.770977,-10.84599
9.771977,-10.84599
9.772978,-10.84599
9.773978,-10.84599
9.774978,-10.84599
9.775978,-10.84599
9.7769785,-10.84599
9.777978,-10.852411
9.778978,-10.852411
9.779979,-10.852411
9.780978,-10.852411
9.781979,-10.852411
9.782979,-10.852411
9.783978,-10.852411
9.784979,-10.852411
9.785979,-10.858148
9.786979,-10.858148
9.787979,-10.858148
9.78898,-10.858148
9.789979,-10.858148
9.790979,-10.858148
9.79198,-10.858148
9.792979,-10.863743
9.79398,-10.863743
9.79498,-10.863743
9.7959795,-10.863743
9.79698,-10.863743
9.79798,-10.863743
9.798981,-10.863743
9.79998,-10.863743
9.800981,-10.869366
9.801981,-10.869366
9.80298,-10.869366
9.803981,-10.869366
9.804981,-10.869366
9.805981,-10.869366
9.806981,-10.869366
9.8079815,-10.869366
9.808981,-10.877026
9.809981,-10.877026
9.810982,-10.877026
9.811981,-10.877026
9.812982,-10.877026
9.813982,-10.877026
9.814981,-10.877026
9.815982,-10.877026
9.816982,-10.883043
9.817982,-10.883043
9.818982,-10.883043
9.819983,-10.883043
9.820983,-10.883043
9.821982,-10.883043
9.822983,-10.883043
9.823983,-10.883043
9.824983,-10.888866
9.825983,-10.888866
9.826983,-10.888866
9.827983,-10.888866
9.828983,-10.888866
9.829984,-10.888866
9.830983,-10.888866
9.831984,-10.888866
9.832984,-10.894169
9.833983,-10.894169
9.834984,-10.894169
9.835984,-10.894169
9.836984,-10.894169
9.837984,-10.894169
9.8389845,-10.894169
9.839984,-10.90046
9.840984,-10.90046
9.841985,-10.90046
9.842984,-10.90046
9.843985,-10.90046
9.844985,-10.90046
9.845985,-10.90046
9.846985,-10.90046
9.847985,-10.906657
9.848986,-10.906657
9.849985,-10.906657
9.850986,-10.906657
9.851986,-10.906657
9.852985,-10.906657
9.853986,-10.906657
9.854986,-10.906657
9.855986,-10.912191
9.856986,-10.912191
9.857986,-10.912191
9.858986,-10.912191
9.859986,-10.912191
9.860987,-10.912191
9.861986,-10.912191
9.862987,-10.912191
9.863987,-10.91887
9.864986,-10.91887
9.865987,-10.91887
9.866987,-10.91887
9.867988,-10.91887
9.868987,-10.91887
9.8699875,-10.91887
9.870988,-10.91887
9.871987,-10.924173
9.872988,-10.924173
9.873988,-10.924173
9.874988,-10.924173
9.875988,-10.924173
9.876988,-10.924173
9.877988,-10.924173
9.878988,-10.929811
9.879989,-10.929811
9.880988,-10.929811
9.881989,-10.929811
9.882989,-10.929811
9.883988,-10.929811
9.884989,-10.929811
9.885989,-10.929811
9.886989,-10.93523
9.887989,-10.93523
9.888989,-10.93523
9.88999,-10.93523
9.890989,-10.93523
9.89199,-10.93523
9.89299,-10.93523
9.89399,-10.93523
9.89499,-10.941301
9.89599,-10.941301
9.89699,-10.941301
9.89799,-10.941301
9.898991,-10.941301
9.89999,-10.941301
9.9009905,-10.941301
9.901991,-10.941301
9.90299,-10.94957
9.903991,-10.94957
9.904991,-10.94957
9.905991,-10.94957
9.906991,-10.94957
9.907991,-10.94957
9.908991,-10.94957
9.909991,-10.94957
9.910992,-10.955318
9.911991,-10.955318
9.912992,-10.955318
9.913992,-10.955318
9.914992,-10.955318
9.915992,-10.955318
9.916992,-10.955318
9.917993,-10.961054
9.918992,-10.961054
9.919992,-10.961054
9.920993,-10.961054
9.921992,-10.961054
9.922993,-10.961054
9.923993,-10.961054
9.924993,-10.961054
9.925993,-10.966116
9.926993,-10.966116
9.927993,-10.966116
9.928993,-10.966116
9.929994,-10.966116
9.930993,-10.966116
9.9319935,-10.966116
9.932994,-10.966116
9.933993,-10.971842
9.934994,-10.971842
9.935994,-10.971842
9.936995,-10.971842
9.937994,-10.971842
9.938994,-10.971842
9.939995,-10.971842
9.940994,-10.971842
9.941995,-10.977271
9.942995,-10.977271
9.9439945,-10.977271
9.944995,-10.977271
9.945995,-10.977271
9.946995,-10.977271
9.947995,-10.977271
9.948996,-10.977271
9.949995,-10.985053
9.950995,-10.985053
9.951996,-10.985053
9.952995,-10.985053
9.953996,-10.985053
9.954996,-10.985053
9.955996,-10.985053
9.956996,-10.985053
9.957996,-10.990555
9.958996,-10.990555
9.959996,-10.990555
9.960997,-10.990555
9.961997,-10.990555
9.9629965,-10.990555
9.963997,-10.990555
9.964997,-10.9966
9.965997,-10.9966
9.966997,-10.9966
9.967998,-10.9966
9.968997,-10.9966
9.969997,-10.9966
9.970998,-10.9966
9.971997,-10.9966
9.972998,-11.001572
9.973998,-11.001572
9.9749975,-11.001572
9.975998,-11.001572
9.976998,-11.001572
9.977998,-11.001572
9.978998,-11.001572
9.979999,-11.001572
9.980998,-11.00727
9.981998,-11.00727
9.982999,-11.00727
9.983999,-11.00727
9.984999,-11.00727
9.985999,-11.00727
9.9869995,-11.00727
9.987999,-11.00727
9.988999,-11.014777
9.99,-11.014777
9.990999,-11.014777
9.992,-11.014777
9.993,-11.014777
9.9939995,-11.014777
9.995,-11.014777
9.996,-11.014777
9.997,-11.020903
9.998,-11.020903
9.999001,-11.020903
10.0,-11.020903
